30 0
21242407673097 114177941238876
9058956712039 655951931783798
1428 120024239739588
4866474754 892147985766111
6004019739993 6730693917855
237175368445382 898689135417047
4100861535205 815351639026202
252865155476730 32521930501690
2854211223592 555151153366642
2609204062 750905089997617
72214127937270 473183477381104
272415780110369 88218456379987
373643071758 154438209909938
3774683223769 50226621331281
453904 413471192511049
252709481240285 104679334788148
129312520648239 543093004658886
112807167267671 987873244818729
16264403825026 73756991486195
32090871994 301802143253310
65986050186 798493834355204
405733943752 160721331360546
360834706810879 692883371708207
41320863559984 592024897561575
7170228169328 116882456385925
129378506698425 901089324563479
6003843841610 833750764925614
90627212565367 778490146598844
842290325864550 953703697013083
782032134209 247519236672731
