98
48
50 72 75 71 16 30 6 77 59 16 55 8 3 16 40 75 32 55 13 43 8 70 90 42 66 51 29 14 64 16 14 76 23 14 52 95 86 22 5 29 14 20 6 98 30 13 73 7
69 50 50 33 71 13 50 50 50 67 22 50 50 50 50 30 92 50 50 50 50 50 27 50 50 50 6 50 64 74 50 50 69 16 80 50 28 50 50 92 50 50 73 50 27 41 50 50 82 50 86 69 79 34 50 50 81 43 50 94 50 82 38 72 50 50 50 50 50 50 18 50 50 79 50 87 50 50 50 49 50 84 50 50 50 75 50 42 50 50 18 50 50 54 36 50 50 50
72 28 85 59 72 72 35 7 8 55 20 72 67 72 32 72 72 72 30 72 41 72 72 72 31 72 75 80 72 72 34 72 72 72 72 72 72 58 24 41 72 28 72 96 72 72 72 72 72 72 47 27 72 72 72 71 72 72 73 2 72 9 72 72 85 8 90 72 72 83 72 72 38 47 72 72 72 44 11 72 39 72 72 92 46 78 72 72 72 72 73 72 35 72 72 72 72 72
52 95 75 75 74 82 47 75 75 75 14 75 75 75 75 3 83 39 13 37 75 75 10 75 75 48 75 75 75 75 56 1 75 81 75 81 75 75 77 98 75 75 33 75 54 53 48 75 75 15 56 87 75 75 27 75 38 75 75 75 75 26 75 38 75 32 75 90 88 98 75 75 23 90 75 96 75 75 75 3 74 75 75 5 75 75 53 75 74 75 4 75 75 75 75 10 72 84
63 34 31 7 17 31 79 71 65 71 71 71 63 50 58 71 34 21 93 60 73 71 62 71 71 64 21 71 3 71 29 71 71 71 71 17 48 71 74 71 71 39 69 71 71 71 71 71 88 71 71 67 71 74 84 71 94 71 71 37 7 71 71 71 45 71 71 71 96 71 71 79 40 84 71 71 8 6 71 71 83 36 71 71 71 23 33 56 71 71 78 71 71 71 71 31 71 71
16 16 16 16 16 49 16 22 16 97 94 16 70 16 98 16 71 16 16 16 33 16 16 4 16 24 16 16 47 16 16 13 36 16 49 16 16 48 2 63 16 19 76 16 10 16 37 74 16 41 16 16 17 16 16 13 25 16 16 16 56 7 16 5 16 16 16 72 23 16 95 97 16 8 67 16 16 16 78 80 16 52 16 16 64 52 19 39 16 19 16 42 16 75 16 16 38 18
30 88 65 18 30 50 30 30 30 18 34 58 30 30 96 30 30 30 79 30 30 30 63 30 81 61 30 30 36 30 30 30 30 24 30 18 30 30 7 30 8 46 30 30 30 30 21 11 83 30 5 84 30 63 30 62 30 43 25 30 30 30 30 10 36 19 23 30 30 30 30 28 18 30 20 30 30 30 30 3 30 30 30 22 29 30 30 30 76 59 38 30 89 30 30 26 30 80
76 6 82 32 6 6 6 6 6 57 6 54 6 59 51 72 18 31 6 41 6 64 6 95 12 66 76 6 95 4 6 6 32 6 6 61 6 6 42 6 6 75 6 6 6 86 6 27 6 6 6 6 6 96 41 64 6 6 6 6 9 6 6 26 6 6 6 95 6 6 39 6 6 39 67 49 13 46 25 26 15 6 6 11 1 6 61 6 6 81 72 6 6 6 6 23 6 30
92 42 77 77 77 77 77 1 77 77 77 23 77 71 77 77 77 77 17 77 77 85 77 77 77 77 67 69 77 85 77 77 62 77 77 77 77 77 77 77 60 8 53 77 46 57 77 77 49 75 22 45 77 77 74 77 51 77 77 77 77 12 43 97 77 23 93 77 77 77 77 75 77 38 77 77 77 93 14 77 79 77 72 25 77 77 77 77 32 77 77 81 77 77 77 77 77 77
13 59 75 8 59 59 59 34 64 59 56 59 34 59 74 20 59 48 59 64 75 59 51 23 59 21 59 43 88 59 59 59 59 59 59 59 64 59 59 7 25 59 31 59 35 55 59 59 48 14 59 89 59 83 59 26 59 59 59 21 59 59 59 59 59 59 95 29 59 21 85 40 62 15 59 59 59 90 59 97 59 59 59 59 59 59 85 7 59 59 94 59 9 59 52 76 50 59
16 91 16 16 65 7 16 16 16 77 56 4 21 54 16 16 16 95 21 85 16 82 16 16 16 50 89 26 16 16 98 28 17 16 16 16 16 16 49 34 16 16 26 16 16 92 16 16 82 69 38 16 16 81 16 16 16 16 13 16 83 16 16 16 11 90 16 34 16 16 43 16 20 16 16 16 16 24 65 16 40 60 16 16 16 77 16 16 94 16 65 16 16 16 16 36 44 68
94 55 55 55 69 58 55 45 2 55 39 16 39 24 77 63 55 50 55 55 55 70 55 55 84 17 77 55 55 55 55 55 20 82 19 88 10 17 55 87 87 59 90 37 53 55 8 94 55 55 41 55 55 55 55 49 41 55 55 55 55 55 54 56 29 15 55 55 18 5 55 52 55 24 55 55 90 55 7 55 65 55 55 8 93 60 55 39 38 55 17 55 55 55 57 55 55 55
8 12 8 8 8 43 8 8 92 8 40 8 55 8 38 8 8 8 69 97 44 8 85 20 8 8 8 27 81 8 8 8 57 8 1 77 8 8 8 8 8 8 8 8 8 8 8 54 24 81 8 24 73 95 32 84 97 67 33 8 8 8 8 16 84 8 88 46 32 2 8 8 8 60 8 8 8 8 68 45 32 81 8 11 64 90 8 8 8 8 8 8 8 8 96 8 14 8
3 54 3 27 3 3 48 3 3 3 3 3 3 3 6 3 3 3 23 3 3 50 3 3 3 57 3 3 3 3 3 68 59 3 3 3 3 3 7 25 3 62 3 43 3 16 3 1 3 86 55 1 16 89 1 3 3 3 3 32 3 3 60 35 94 3 52 12 60 19 3 56 3 37 3 52 10 36 46 22 77 3 3 3 3 3 3 3 3 3 3 25 3 3 31 3 3 3
16 16 16 16 68 66 57 16 16 85 16 30 18 16 16 16 16 40 3 16 67 16 20 16 16 16 72 16 16 26 88 80 35 16 77 49 84 16 13 16 16 16 16 9 16 16 48 16 16 23 16 16 27 37 16 16 48 16 44 42 16 11 91 6 78 16 59 16 16 16 16 16 16 89 21 30 21 16 21 32 16 74 26 89 97 70 16 4 72 16 16 16 40 56 16 68 60 16
4 5 21 4 53 40 40 73 38 70 85 40 21 40 40 80 70 42 48 62 2 58 40 26 14 40 12 65 63 40 40 43 40 70 40 60 40 77 37 40 28 40 40 40 42 40 78 40 40 69 40 40 85 40 56 40 79 47 40 40 40 47 40 31 93 40 26 92 40 40 48 72 68 40 40 39 40 87 40 49 50 70 40 40 63 58 98 40 76 40 30 40 28 67 40 40 92 40
75 51 62 75 65 75 76 75 5 57 13 65 75 17 46 75 75 75 75 47 1 67 75 48 75 6 75 18 63 75 75 75 75 75 75 75 75 75 75 75 40 75 75 23 57 85 90 39 75 53 77 75 75 70 36 81 75 75 81 90 75 27 75 75 75 93 75 75 38 75 75 75 12 75 75 79 75 75 75 71 13 75 90 75 88 75 1 79 75 8 55 75 75 75 10 75 75 75
7 32 32 24 16 39 74 28 32 32 94 32 32 3 32 32 37 32 81 82 32 32 38 32 29 32 95 91 32 32 36 32 73 32 32 32 32 32 80 87 2 79 32 29 32 32 81 26 32 32 32 32 32 51 5 77 69 32 32 53 32 55 32 88 32 32 22 32 68 32 94 51 32 81 32 81 90 56 32 32 32 32 32 5 20 28 1 50 32 16 32 3 32 32 75 87 32 32
55 55 35 55 55 55 55 30 21 55 60 63 56 32 55 52 55 65 55 55 55 80 90 89 55 45 55 55 55 48 39 55 59 55 48 85 55 55 77 91 55 55 28 55 55 55 39 50 55 68 55 52 76 70 55 55 55 55 55 3 55 61 55 69 55 55 55 55 55 69 13 6 55 79 55 29 12 44 55 55 55 5 82 96 55 9 55 24 55 55 9 55 14 16 55 55 55 55
72 51 51 5 28 78 13 13 13 13 58 6 13 13 13 13 78 32 13 13 13 55 94 94 13 13 43 72 47 70 13 13 13 13 13 33 93 73 13 58 13 13 90 33 13 27 15 13 80 48 83 14 7 25 80 13 37 13 13 13 13 13 92 13 13 13 8 92 13 17 87 13 13 13 34 13 13 13 53 13 9 4 53 79 13 13 13 13 68 13 13 53 32 19 13 77 47 13
20 43 94 43 43 69 43 44 43 94 43 62 48 97 92 43 30 70 21 43 43 43 43 43 43 84 51 29 83 43 92 43 58 43 8 43 68 43 43 63 8 43 43 42 16 72 41 86 77 54 67 43 43 43 67 43 43 16 43 43 43 43 12 14 42 43 43 82 75 75 58 43 43 16 43 68 43 59 43 43 43 43 43 43 43 54 43 43 85 43 81 86 43 59 79 43 82 43
34 8 8 97 8 8 8 8 82 8 8 8 8 3 8 8 8 44 8 17 43 50 8 8 8 8 12 8 8 71 84 8 8 41 51 8 49 50 8 8 93 8 21 8 65 62 8 3 8 8 34 8 8 66 8 8 18 8 8 8 51 8 61 55 8 43 28 5 41 91 33 95 26 8 8 57 8 25 91 8 62 56 8 8 93 9 27 8 8 8 8 89 8 71 8 8 94 19
70 70 27 70 3 38 70 70 98 6 70 15 70 70 70 70 70 21 78 70 8 19 70 44 70 14 14 70 3 70 94 70 70 9 70 24 72 56 93 70 70 70 92 92 54 70 6 70 70 37 2 70 70 65 8 80 70 70 70 70 70 17 70 83 70 12 70 90 12 70 70 34 70 70 73 70 70 70 70 70 13 9 70 70 70 67 8 62 49 70 70 64 70 70 58 28 70 1
90 90 90 12 90 90 90 78 90 56 90 98 90 78 90 93 90 30 90 91 90 90 90 90 4 90 89 14 90 90 90 49 25 90 68 90 90 90 72 36 90 9 90 90 90 90 90 23 90 22 62 90 90 36 90 90 90 73 90 97 90 90 11 64 90 37 35 27 19 90 90 90 90 11 90 90 2 4 29 90 80 38 90 90 36 87 90 6 35 90 66 90 2 16 90 90 90 90
42 2 42 74 42 42 42 81 92 16 42 63 42 42 93 56 65 44 42 42 19 42 3 59 42 82 42 42 32 42 72 42 42 14 60 9 11 83 42 42 42 42 74 95 30 42 42 42 49 42 89 42 96 42 42 30 64 88 42 26 42 42 78 77 42 40 11 42 47 42 42 42 42 81 42 42 42 42 42 42 42 21 42 42 42 42 42 42 71 31 42 81 42 61 29 42 20 42
66 66 54 21 66 66 66 1 41 91 66 61 65 66 43 7 66 24 66 66 66 66 12 66 55 66 45 95 70 32 68 59 66 66 66 66 65 66 66 66 2 96 65 66 80 49 48 33 66 66 66 66 79 66 40 57 66 45 77 15 66 10 67 66 66 66 46 44 35 59 97 66 66 37 66 84 3 3 66 66 15 50 66 96 20 8 71 66 80 77 5 66 74 66 3 30 66 39
51 27 51 83 86 51 51 65 51 14 94 51 51 51 53 51 13 5 51 51 51 91 51 51 19 51 51 51 28 51 75 51 51 32 14 46 76 51 51 61 51 51 51 85 51 29 51 52 32 42 51 51 51 51 51 7 12 32 51 51 51 45 95 17 30 18 51 79 54 51 51 51 57 51 51 4 90 51 51 88 51 51 51 19 22 74 51 80 51 8 87 51 51 51 62 94 51 28
3 29 29 29 29 90 89 6 29 48 29 61 67 29 15 29 20 14 32 34 71 29 29 29 29 58 96 29 29 91 15 29 17 29 9 60 34 53 61 89 36 29 29 58 64 29 80 90 30 20 13 29 29 86 12 77 29 72 94 29 29 29 26 93 46 29 53 29 29 53 26 13 81 29 5 14 29 29 9 29 29 29 29 37 29 29 57 63 29 29 50 80 29 29 68 64 66 29
14 14 14 14 43 14 66 14 14 49 80 14 14 14 14 19 60 14 19 62 29 14 42 62 71 54 14 92 14 14 88 40 14 57 91 81 70 14 91 51 13 67 14 14 4 14 14 14 14 29 29 14 9 69 16 14 46 14 6 14 4 19 16 13 14 72 14 14 14 94 14 14 55 32 14 13 14 3 39 89 14 23 14 14 47 14 84 14 14 14 14 26 38 14 14 49 60 14
64 64 49 60 64 92 64 41 5 64 95 30 82 64 64 11 64 45 64 67 64 65 64 64 64 89 13 64 80 64 1 64 91 64 64 64 12 64 64 1 64 57 81 11 2 64 93 64 64 64 6 64 64 64 64 64 64 64 64 4 64 35 13 64 64 39 64 16 64 55 67 64 64 33 11 91 64 76 64 64 96 70 64 72 24 64 64 64 64 64 94 64 63 14 11 64 20 66
16 67 16 16 86 16 16 16 16 92 93 16 44 81 16 16 21 8 13 10 16 16 16 71 16 16 16 16 16 16 79 12 16 16 27 71 16 27 14 9 27 13 16 16 27 81 71 16 22 16 86 80 16 60 25 16 55 93 52 16 44 16 16 44 16 6 21 16 16 16 8 16 16 16 16 37 53 16 16 16 24 16 16 93 16 16 1 62 32 16 37 16 40 71 16 16 16 16
18 14 78 75 14 14 33 14 34 14 14 14 75 14 14 14 91 90 14 69 66 45 82 14 14 14 24 14 11 14 14 14 8 14 27 81 14 14 40 3 14 69 1 14 21 32 14 22 67 27 14 14 14 14 14 14 24 28 91 14 93 14 14 42 44 14 64 43 14 6 14 14 14 14 14 14 49 14 19 19 80 14 40 35 34 18 14 14 36 14 14 14 14 89 14 14 33 14
12 10 53 76 76 8 76 76 76 34 76 76 75 76 76 22 34 76 55 41 93 76 74 76 21 44 78 67 76 39 76 76 88 65 76 60 76 76 51 15 7 80 76 19 76 76 52 59 76 59 70 76 75 6 76 71 73 69 76 19 75 94 86 5 2 76 76 28 71 75 76 76 76 33 76 76 76 76 16 22 76 56 76 76 76 76 76 76 3 76 76 76 96 76 76 76 1 76
96 23 60 23 23 82 6 44 21 30 23 41 23 23 23 93 37 23 23 24 63 35 23 5 20 9 96 40 23 23 15 39 23 23 13 23 23 93 66 47 23 23 23 23 91 23 13 23 21 23 78 51 53 58 42 23 23 23 70 23 89 23 44 33 23 23 37 23 81 63 23 23 11 23 23 23 23 40 23 78 23 23 23 40 91 63 23 59 23 57 23 83 23 23 23 76 23 34
14 90 16 14 66 14 14 46 22 61 5 14 33 14 14 69 89 14 14 35 75 26 58 98 14 14 14 29 8 14 14 79 43 45 14 14 74 82 42 93 45 32 55 14 14 14 14 14 14 91 29 98 68 14 14 64 14 14 46 14 68 14 14 69 14 14 71 94 14 94 70 12 14 14 52 27 80 49 38 91 73 14 82 89 55 14 55 58 14 72 83 14 77 14 7 53 34 14
54 70 4 52 24 27 52 52 96 98 52 52 23 52 43 52 52 23 52 73 52 76 97 61 52 52 52 52 52 52 34 52 90 85 21 52 52 82 52 52 71 52 95 52 52 52 16 52 52 94 56 52 28 74 57 70 61 52 52 2 52 52 52 67 52 52 32 52 52 9 52 52 52 17 52 52 52 52 82 52 28 16 52 28 52 52 52 36 52 39 52 17 81 52 52 52 72 60
95 48 95 95 95 2 36 95 95 95 95 95 95 95 95 5 64 36 95 95 49 95 48 42 14 95 95 26 95 95 95 95 3 72 17 95 95 86 96 95 25 95 95 95 5 95 20 95 95 8 63 51 44 95 8 95 95 95 95 95 95 94 90 11 95 24 95 95 28 95 95 95 95 95 80 76 16 77 24 95 95 95 95 88 95 55 95 95 95 95 95 93 95 85 95 93 95 95
76 86 98 86 23 96 5 27 26 86 86 50 97 15 86 52 84 72 94 42 21 86 82 49 61 86 73 86 86 86 46 2 78 82 86 86 86 86 13 16 86 86 86 86 94 6 86 86 86 86 86 86 59 86 45 86 86 86 3 86 35 86 86 50 26 86 95 18 86 86 86 95 16 30 46 86 86 43 86 95 8 54 21 86 86 86 86 86 61 56 60 96 86 23 86 84 86 86
69 22 22 22 22 26 22 54 22 33 46 50 60 69 28 22 75 22 94 73 59 22 22 22 96 22 22 22 22 75 22 22 22 61 22 22 22 29 95 25 63 22 80 22 96 22 22 22 26 62 22 84 22 5 22 22 64 22 22 22 47 79 22 22 22 47 22 22 22 73 22 80 22 87 91 24 22 22 39 20 22 22 22 22 22 36 22 22 22 75 22 22 22 22 22 22 22 71
5 30 5 90 5 85 5 60 41 83 24 19 5 54 28 5 5 8 77 67 5 63 5 5 27 45 5 5 5 69 5 80 5 5 5 8 5 98 15 9 5 5 5 5 5 88 69 1 5 61 5 5 5 5 5 5 5 5 5 47 5 88 5 5 5 5 5 5 65 12 5 3 5 5 5 49 5 5 79 35 5 92 5 63 5 5 5 5 5 93 5 5 11 23 5 78 5 40
29 44 29 29 44 29 29 29 29 64 92 29 23 85 96 29 34 20 29 29 71 29 72 29 75 29 29 29 29 29 10 29 38 5 57 37 16 84 60 97 29 29 29 96 29 29 29 29 70 29 97 97 92 29 29 22 29 29 85 27 98 3 29 58 29 29 29 18 29 29 29 22 31 37 26 58 29 29 29 35 29 29 29 73 29 5 29 29 29 29 31 29 64 29 39 29 29 29
89 14 14 14 14 1 14 70 48 55 14 29 14 14 14 70 14 14 13 14 14 53 14 14 14 14 14 28 14 14 14 14 14 14 78 14 89 54 14 89 49 3 14 89 53 61 4 14 14 92 45 7 14 14 46 14 11 58 14 68 14 14 14 6 17 98 33 38 28 14 20 28 14 14 14 14 54 98 66 14 28 96 12 14 50 77 14 24 70 14 14 63 4 14 73 14 14 14
4 20 20 20 20 83 16 73 64 20 20 94 42 18 20 16 42 61 20 20 63 57 74 34 61 15 20 20 20 83 20 10 96 20 20 20 20 20 20 20 20 54 20 20 20 20 53 20 33 90 5 76 20 80 20 58 20 20 20 87 20 20 20 20 97 20 20 20 20 96 20 67 20 20 20 20 21 48 20 20 65 20 10 86 20 20 20 57 74 93 1 20 20 17 20 20 20 63
8 6 98 60 6 6 34 6 6 40 6 92 6 6 6 6 6 6 6 40 6 6 6 77 37 85 6 6 6 8 6 6 42 6 89 75 1 83 6 6 5 36 6 10 27 42 6 6 6 6 6 90 50 6 66 6 6 6 50 6 6 46 6 37 6 33 50 6 6 6 6 47 6 28 6 6 6 77 6 6 25 6 49 97 82 11 6 6 6 6 6 69 71 6 6 6 98 6
98 62 60 98 98 98 6 6 98 98 31 43 27 98 46 22 98 98 98 98 98 95 98 91 56 98 45 98 72 98 98 88 42 14 98 56 98 98 4 87 54 60 98 98 98 66 50 98 98 98 98 20 74 47 98 46 74 98 98 98 98 98 33 98 98 98 9 98 98 98 49 98 46 98 98 8 82 46 98 27 92 98 98 98 98 18 13 91 15 94 74 98 41 98 98 25 98 98
30 30 44 30 30 49 92 30 43 30 30 3 49 1 30 79 5 28 30 30 30 68 96 30 30 30 30 30 30 30 61 63 86 40 49 50 81 30 30 30 30 30 93 38 63 30 30 27 30 30 30 23 91 30 5 30 30 59 4 39 30 36 30 30 89 30 30 30 9 3 30 29 30 92 4 30 14 29 24 27 30 30 46 30 94 30 30 51 72 82 43 18 39 67 57 30 30 30
83 13 89 95 13 13 13 18 13 39 13 83 13 10 13 67 13 36 55 13 33 13 13 81 31 13 13 13 13 13 34 23 13 13 13 72 13 13 89 96 13 8 53 13 13 13 13 65 40 30 13 15 47 13 27 62 13 13 13 13 13 13 13 13 73 74 13 75 73 1 13 13 13 9 13 16 13 13 13 13 4 13 13 13 13 81 13 13 13 13 13 13 13 33 13 6 11 13
73 73 54 73 44 73 73 57 90 73 64 94 73 82 73 73 29 73 73 94 73 74 73 17 73 32 62 13 73 18 12 73 92 4 73 10 73 73 73 87 29 94 40 22 73 73 73 73 73 73 73 73 23 42 38 68 73 73 73 73 73 48 73 73 50 98 8 73 35 73 87 73 73 96 73 83 80 33 73 29 88 73 73 31 35 11 28 76 78 73 73 85 73 24 73 18 42 71
20 7 62 63 7 22 7 28 7 31 7 86 16 45 7 70 84 7 61 7 7 7 95 7 39 7 7 5 7 86 51 73 7 75 39 7 7 94 7 2 7 55 51 69 29 93 7 55 31 7 7 7 66 55 94 7 51 7 7 7 82 20 7 63 7 7 7 7 9 7 51 7 7 7 7 7 7 23 71 61 2 7 72 43 7 80 97 7 95 7 36 19 3 7 53 7 7 7
