100
100
51 82 42 83 11 65 45 95 32 79 82 87 80 74 27 76 56 14 17 21 38 94 22 30 10 93 66 8 86 71 11 6 6 59 33 14 89 78 34 11 46 69 53 5 18 71 100 5 100 35 50 98 22 20 2 46 66 89 15 4 5 30 33 8 50 54 44 30 38 61 95 93 1 39 40 98 8 54 46 28 94 4 93 10 60 9 48 70 67 63 96 28 66 90 19 31 73 10 25 67
28 96 40 25 22 74 51 3 10 1 51 28 82 51 21 78 83 18 47 51 96 7 75 51 51 89 51 64 42 38 42 31 98 33 34 51 10 9 31 44 51 10 33 39 52 41 41 91 52 8 51 51 51 61 32 51 68 95 41 25 51 75 51 51 47 96 51 52 21 63 11 63 51 51 51 29 81 51 51 92 2 51 24 57 43 18 47 51 3 66 74 33 100 99 72 36 66 72 58 51
16 66 82 99 6 82 34 96 47 96 27 32 71 64 82 39 86 82 12 4 85 12 13 37 6 45 82 82 27 80 42 55 77 22 31 61 14 33 25 87 90 82 93 57 55 82 61 5 82 82 11 4 36 2 82 99 67 82 8 85 28 70 11 11 86 23 82 82 82 45 56 82 3 82 20 82 9 30 36 82 63 82 68 87 43 1 81 72 82 54 78 82 65 82 1 9 69 11 94 26
93 29 60 6 42 42 32 24 84 6 14 16 42 20 70 56 29 28 60 85 63 83 82 79 68 42 98 87 51 98 42 26 36 30 21 68 31 13 42 93 66 42 7 42 46 10 42 14 27 92 33 62 17 42 92 72 42 84 86 42 42 15 7 42 93 94 71 73 42 81 42 42 89 63 80 36 99 21 94 47 59 11 52 61 42 42 45 29 42 70 42 91 96 12 56 42 42 42 69 72
97 68 83 27 37 83 83 56 33 27 52 48 48 83 57 31 43 83 83 69 39 19 68 83 83 26 77 83 87 89 83 29 89 80 5 43 50 98 88 7 35 99 58 22 79 66 78 54 6 83 83 69 40 83 75 83 99 27 83 19 20 97 46 71 12 43 76 83 66 65 4 4 54 55 33 83 99 57 41 15 16 37 83 68 88 16 13 74 66 47 89 83 83 47 49 83 83 67 39 81
2 8 87 89 79 16 11 4 75 10 11 11 80 36 76 95 61 32 36 42 79 83 23 92 34 22 36 13 11 11 10 80 23 11 90 91 34 3 27 57 29 11 90 43 5 19 11 11 73 84 21 73 27 90 4 29 11 53 11 14 81 92 21 38 27 18 11 12 74 49 9 43 29 6 11 34 11 87 80 58 38 29 63 22 83 76 16 1 62 51 42 62 11 72 92 68 72 11 11 11
98 46 65 65 2 65 56 93 74 32 99 43 65 77 65 66 65 1 65 65 96 11 84 65 5 57 65 34 65 92 38 29 56 35 32 2 80 65 65 65 94 18 79 96 54 30 22 48 23 64 26 31 4 63 100 53 90 10 5 85 16 16 3 7 65 65 3 3 65 27 37 77 65 35 24 75 56 65 65 43 41 87 64 39 43 65 65 65 1 65 98 71 70 10 68 65 65 74 87 18
55 45 45 73 25 19 41 48 97 69 79 31 45 95 16 75 98 60 75 24 45 45 45 5 87 50 41 3 50 97 94 53 36 92 88 45 50 45 4 17 28 10 13 43 45 3 100 42 35 1 46 84 45 52 79 54 92 71 45 94 50 20 89 1 45 43 25 10 3 6 12 50 31 31 45 6 88 45 68 52 37 45 45 35 45 3 45 17 50 26 45 29 97 57 48 67 45 72 11 76
95 60 62 36 95 10 32 95 95 27 31 39 98 35 83 93 87 95 53 100 33 69 33 82 17 23 77 80 27 95 36 6 33 75 68 43 71 91 10 37 99 83 95 76 71 95 95 95 64 41 52 95 53 64 63 70 83 26 74 16 62 5 8 85 95 47 34 41 95 85 28 86 95 95 68 31 9 50 78 70 21 26 71 43 73 60 95 63 18 3 80 95 95 63 95 78 7 95 9 77
32 15 63 3 45 85 33 75 35 100 89 11 33 30 61 63 97 32 66 43 4 93 42 47 86 31 32 94 43 61 35 32 2 91 32 12 32 6 11 32 77 86 32 46 55 18 79 58 32 92 52 21 63 32 95 37 32 100 92 44 78 32 26 85 32 32 43 74 49 32 47 32 27 21 32 49 29 44 78 32 83 19 23 98 32 60 27 32 70 75 75 22 91 97 23 85 32 40 32 24
86 31 94 48 25 14 79 61 79 7 5 79 59 52 79 50 27 56 91 6 79 76 60 18 34 14 5 2 1 26 31 79 11 79 81 83 48 36 79 3 46 30 79 85 79 54 10 77 33 93 43 71 82 76 79 79 99 86 13 66 65 75 79 93 79 72 91 79 92 68 79 30 81 93 99 52 95 65 79 26 79 71 79 15 48 79 43 79 31 78 83 79 79 57 82 64 79 20 17 28
37 41 37 21 88 7 77 6 8 7 57 59 73 8 50 97 26 55 64 39 6 68 1 1 15 48 8 82 82 82 82 88 34 22 36 48 41 37 80 41 7 37 24 80 82 77 41 81 42 40 85 82 82 90 24 50 82 32 82 82 7 82 27 81 82 99 95 82 48 61 40 15 45 31 92 85 82 63 21 60 47 82 100 50 8 78 11 88 82 82 71 29 27 82 97 100 82 82 30 90
70 87 87 87 92 87 12 70 21 87 46 12 34 77 98 87 47 87 39 35 87 48 50 34 91 71 87 47 3 87 19 66 19 87 87 4 42 86 87 87 30 64 35 87 87 24 87 57 87 56 92 88 42 87 82 44 76 60 25 72 84 98 53 5 49 87 87 83 2 80 3 66 87 54 16 96 62 50 87 7 87 87 84 87 12 47 87 48 30 30 70 87 20 87 43 87 43 87 39 87
80 54 89 80 97 80 80 97 65 5 66 6 80 47 64 80 71 50 80 12 70 15 90 38 14 80 73 54 80 13 25 80 80 52 80 41 32 80 76 99 13 66 55 80 33 40 3 17 56 98 99 44 74 80 80 80 80 88 80 25 92 59 88 22 21 81 80 83 30 50 26 26 80 16 31 84 24 69 9 80 41 99 80 71 25 31 6 76 76 16 13 61 80 54 80 80 50 76 54 80
47 92 15 50 95 40 74 74 67 73 74 71 16 34 79 29 13 74 47 20 74 74 16 96 44 72 23 95 78 74 17 84 74 58 54 58 73 96 72 42 91 74 13 74 46 79 74 74 64 84 13 18 91 70 34 74 34 71 74 30 35 71 99 36 4 37 74 2 83 12 81 66 74 74 9 71 47 54 82 37 16 95 74 18 93 74 23 63 55 98 88 4 74 96 1 96 62 31 22 7
27 85 71 27 64 83 60 86 50 64 55 9 27 98 52 8 14 38 86 44 12 49 47 27 27 83 27 50 88 27 68 25 39 57 62 27 56 68 73 27 58 71 27 63 100 75 22 25 27 67 50 27 27 18 85 87 27 27 27 68 97 20 43 21 4 6 27 34 92 9 54 27 27 3 47 44 36 53 53 59 27 4 52 17 79 92 64 13 26 57 27 64 9 55 27 27 27 89 21 27
48 76 76 76 32 78 76 76 62 50 92 15 90 76 10 22 44 26 49 37 76 76 76 19 55 50 84 14 76 38 76 74 76 76 29 97 76 66 49 48 45 17 61 76 76 76 71 18 75 76 76 14 76 42 80 30 92 8 76 69 52 62 76 47 30 76 61 99 2 31 53 27 80 76 14 76 93 78 46 18 50 20 57 70 62 99 6 68 32 29 74 68 76 84 79 59 59 85 28 26
96 56 56 8 56 56 68 38 14 23 34 56 56 56 35 25 17 29 56 85 56 56 2 56 56 6 18 61 20 53 15 44 22 3 3 11 56 17 52 56 75 30 2 87 27 20 77 39 56 43 56 56 26 55 21 56 56 9 2 56 59 56 17 69 10 26 50 24 56 56 73 36 78 85 86 70 56 97 84 14 56 93 56 84 56 35 62 31 56 96 41 40 56 81 30 55 90 4 56 56
14 14 72 81 16 13 49 22 9 65 4 26 32 14 76 49 8 76 14 2 11 7 14 60 21 14 70 12 59 23 14 68 73 39 39 89 14 21 14 3 14 14 14 14 80 89 14 9 80 17 14 14 70 29 86 5 29 42 3 4 82 61 85 96 25 35 89 14 94 14 7 40 25 3 14 65 6 56 98 63 86 46 65 14 14 54 11 26 71 97 15 14 77 3 97 40 10 14 14 79
73 50 92 53 8 72 46 18 35 37 17 7 17 17 33 41 17 63 53 2 17 56 56 25 81 26 43 28 1 17 55 17 64 69 38 17 98 17 96 48 73 41 17 65 28 73 28 17 5 55 92 17 34 17 56 28 17 73 17 83 85 78 75 50 99 70 17 54 90 17 17 52 63 63 2 97 17 52 57 17 17 75 13 43 99 62 75 70 81 83 18 17 17 8 50 78 56 17 86 29
30 62 28 74 5 38 9 30 91 38 14 79 21 47 91 10 10 75 43 84 21 57 21 4 32 21 85 80 61 58 21 68 21 21 88 24 8 28 99 16 21 4 42 90 63 44 16 36 45 56 23 21 77 54 57 55 70 1 10 21 21 21 66 52 50 58 21 17 33 45 21 100 16 39 95 21 70 26 80 21 94 74 89 19 29 37 38 21 30 92 27 50 74 21 81 21 24 21 21 33
38 11 1 38 83 95 89 38 70 92 79 6 48 20 18 28 50 38 38 38 63 66 22 6 15 76 52 91 46 69 35 20 50 69 54 23 77 38 38 95 38 51 85 19 38 10 57 88 17 81 38 38 87 24 50 38 84 52 11 23 15 7 75 3 26 38 65 7 83 51 70 34 16 16 33 50 46 77 38 25 63 24 38 50 5 74 38 38 25 18 49 47 18 76 77 38 38 92 34 60
86 20 82 19 6 98 98 79 10 94 94 48 49 96 42 97 11 13 59 91 1 43 51 52 94 9 45 82 96 69 97 20 94 94 37 91 58 95 94 79 4 74 4 47 94 94 49 94 26 49 9 94 94 50 21 86 83 60 70 83 38 94 1 79 94 11 23 73 10 94 29 84 19 94 51 94 94 74 85 82 94 36 10 94 60 92 12 26 94 62 94 99 32 94 64 94 51 85 27 36
16 99 84 52 13 72 82 75 22 48 75 22 22 23 33 70 80 22 22 44 85 22 81 56 22 22 34 85 34 26 88 62 8 3 10 62 64 46 22 29 43 52 8 73 52 73 22 90 39 86 66 76 22 73 22 45 26 22 22 1 59 85 31 22 89 25 18 84 22 22 36 98 22 66 83 20 84 86 8 30 95 22 27 6 56 22 22 91 68 8 66 22 17 22 22 7 22 51 22 51
98 70 69 8 45 51 56 36 31 30 52 24 6 72 15 41 23 5 52 30 79 31 39 30 19 44 90 44 30 30 58 39 38 11 22 14 61 59 30 1 75 77 65 98 54 99 93 30 5 52 52 43 30 27 74 63 69 93 30 59 30 30 62 21 46 68 27 6 67 5 88 36 98 47 8 12 46 57 30 88 30 30 55 96 42 30 80 56 28 30 30 30 21 24 94 30 30 60 87 66
10 91 49 61 71 88 10 8 27 10 6 96 39 99 42 80 66 10 21 86 69 16 55 90 69 10 50 3 10 10 43 52 4 63 16 75 10 10 79 94 44 35 10 21 10 10 57 76 21 88 83 94 78 90 71 29 15 27 73 94 10 91 10 26 47 40 35 51 10 43 53 45 94 74 50 46 70 4 10 88 10 20 79 80 43 4 10 10 60 18 12 10 100 90 90 47 76 84 58 100
99 66 84 38 25 24 39 50 28 93 93 93 93 39 89 18 93 3 51 88 10 53 58 93 51 24 63 18 65 100 34 50 35 30 83 32 85 81 93 7 3 78 38 35 69 28 93 97 75 93 14 97 80 82 14 75 26 93 81 88 10 97 57 66 28 72 80 26 78 18 92 71 7 73 21 76 23 92 44 20 15 93 82 33 90 93 29 93 50 29 73 36 93 60 84 6 54 70 23 89
66 66 51 30 78 96 78 67 22 51 66 14 1 3 86 68 66 60 63 56 34 1 2 95 72 92 66 45 92 12 8 66 69 93 37 89 23 29 46 27 17 69 25 50 66 66 62 78 38 37 53 75 37 77 79 57 56 66 15 70 86 41 56 66 17 66 66 76 26 33 63 82 46 1 12 66 18 21 48 66 50 40 42 63 96 37 66 69 9 7 66 27 51 10 19 16 92 44 66 75
51 61 96 32 3 5 8 8 6 92 16 73 94 95 5 8 95 49 69 92 31 93 12 11 89 51 63 75 28 8 9 60 78 5 49 64 8 96 87 74 90 7 17 20 97 92 10 87 84 67 8 95 48 9 25 25 8 5 67 80 52 8 21 8 68 20 92 71 72 66 8 8 54 4 14 45 87 12 23 94 8 71 91 58 72 11 8 10 2 37 94 45 8 22 77 76 50 61 31 79
51 28 60 72 32 14 86 74 57 77 51 44 88 59 14 68 86 88 86 47 86 86 31 92 43 11 98 69 86 33 49 61 22 51 77 98 25 52 72 86 43 84 21 97 44 29 74 10 100 43 82 32 44 3 25 46 86 48 86 10 56 86 85 62 80 86 68 100 24 38 2 86 62 80 86 11 96 34 25 55 45 78 34 45 29 86 92 45 86 77 12 37 86 86 14 45 59 9 86 25
65 90 20 71 71 25 29 84 36 72 55 71 8 74 66 71 84 90 56 71 95 15 71 62 98 30 71 35 78 81 33 92 10 56 91 96 29 89 4 71 42 71 71 71 71 93 61 64 91 91 90 39 91 99 60 89 71 37 82 71 85 31 71 98 71 66 19 19 46 2 71 7 42 87 71 21 91 13 48 85 29 58 71 71 35 46 79 19 63 60 42 49 83 43 52 19 71 10 91 2
11 57 11 98 51 11 9 62 11 11 11 57 21 61 13 37 33 48 75 71 72 61 72 74 46 52 33 52 11 32 90 6 62 11 4 29 11 72 13 41 11 7 33 20 83 11 11 3 11 87 88 11 91 11 81 11 25 100 88 59 37 52 62 93 45 15 56 95 58 14 63 47 12 21 12 80 85 20 59 11 54 37 11 26 50 20 11 89 47 28 83 29 40 7 49 28 45 38 7 45
39 90 22 12 33 6 38 82 6 35 65 30 39 79 73 48 6 88 59 56 6 6 70 70 84 84 87 73 29 88 6 6 92 6 86 55 55 95 48 19 9 6 98 22 63 50 6 25 58 49 70 90 39 6 100 33 3 2 6 52 5 6 39 64 78 78 6 14 50 29 25 34 4 6 6 6 6 21 30 31 41 6 11 97 51 69 84 6 4 6 87 6 34 6 89 25 48 5 6 82
86 80 76 6 31 6 95 67 6 46 66 99 86 6 54 72 87 59 8 83 25 6 24 92 71 39 6 36 81 35 96 31 6 63 42 94 6 57 6 93 63 41 44 6 6 31 7 98 41 15 6 31 6 95 16 62 72 27 54 6 92 47 98 99 6 75 81 99 17 68 68 80 54 47 54 60 42 69 81 70 6 6 6 95 63 63 86 36 6 73 6 20 29 10 80 85 6 1 45 36
11 73 53 12 79 100 87 63 59 7 23 49 59 48 59 32 95 6 59 23 18 53 87 69 59 5 6 32 88 49 84 16 64 34 28 91 37 55 4 58 73 59 59 91 50 81 7 49 58 23 93 51 15 85 99 82 33 89 59 96 40 93 59 59 59 73 59 59 81 90 59 37 59 54 72 59 59 9 98 59 25 67 7 76 1 88 92 56 42 59 92 74 57 59 14 74 85 38 76 28
63 64 2 97 33 33 41 20 62 3 34 90 87 33 33 100 25 33 42 96 34 42 53 33 53 33 73 27 84 61 75 25 33 50 33 7 98 62 42 65 81 92 19 84 43 34 52 55 82 67 20 96 77 34 33 39 51 16 33 65 33 90 94 100 63 13 4 33 90 97 95 74 69 31 11 33 46 54 59 29 53 33 8 33 54 29 56 44 89 36 18 38 44 33 57 33 86 87 34 33
64 67 41 14 63 67 62 39 21 4 19 83 48 14 14 64 1 48 14 34 5 47 42 28 72 14 11 78 10 14 82 81 30 14 100 18 44 47 14 14 89 59 53 60 12 14 90 100 61 6 64 18 73 11 86 53 93 94 69 31 14 11 51 93 19 14 14 68 14 91 98 41 15 48 29 14 71 29 31 72 14 81 14 12 89 14 14 14 14 31 56 78 82 18 14 36 14 75 36 100
89 88 3 3 88 89 20 43 1 17 92 25 24 58 33 89 98 50 57 63 89 93 24 11 47 77 89 37 89 62 10 72 85 42 76 89 8 58 50 41 59 26 31 61 89 72 85 94 6 48 75 2 50 24 20 45 89 39 28 40 94 42 48 72 46 84 89 95 89 70 82 99 31 89 61 64 83 89 34 44 89 84 26 100 89 70 17 69 89 15 86 83 97 89 43 12 18 89 22 78
5 78 10 52 78 78 78 63 78 12 36 78 74 78 92 42 1 18 25 78 25 78 95 7 78 32 25 78 38 44 26 80 78 58 11 78 78 78 17 38 85 29 17 78 23 93 35 28 92 26 62 78 73 78 64 97 78 93 18 45 83 57 91 49 59 20 78 49 35 25 57 100 36 80 54 13 38 78 78 78 95 55 78 25 27 5 78 56 99 1 8 41 60 67 25 71 8 15 99 78
53 51 84 69 34 100 89 34 82 34 45 34 50 34 38 43 31 94 21 94 11 34 34 45 95 58 43 96 34 33 69 34 34 34 48 100 97 61 16 95 46 34 14 51 62 7 32 92 34 19 17 43 91 34 99 34 23 98 12 64 34 98 33 13 34 24 34 79 79 34 34 71 12 23 20 77 27 74 53 73 66 77 47 66 96 34 35 34 34 29 23 58 96 88 66 46 55 66 34 32
73 93 48 26 91 28 8 11 11 11 11 11 34 61 88 11 41 91 49 11 6 22 11 15 11 11 11 11 10 78 43 91 20 26 93 72 20 11 21 27 14 95 11 52 48 1 62 11 11 13 92 84 51 41 12 55 11 68 11 29 49 68 44 82 23 11 39 11 19 38 82 11 22 28 11 48 92 16 12 38 99 41 91 44 96 85 11 33 85 11 59 22 45 93 8 48 51 76 11 11
61 39 66 97 40 12 14 11 46 62 67 25 37 53 53 38 46 92 9 25 55 98 24 13 59 67 99 85 8 46 64 46 68 87 15 46 46 13 86 76 77 85 63 46 33 46 46 94 47 48 24 1 37 96 46 44 30 66 88 25 17 83 24 40 59 14 70 63 79 86 46 46 84 90 64 63 30 46 76 49 66 9 63 46 42 49 74 4 46 20 84 90 51 46 46 52 95 22 34 77
86 20 61 23 19 53 69 95 10 63 11 69 69 37 91 7 69 52 33 29 90 82 13 63 69 69 17 69 86 69 55 69 69 49 44 69 45 66 69 67 23 67 95 96 65 33 69 75 14 100 44 12 78 90 20 78 69 69 7 77 69 56 5 69 48 57 54 69 69 57 51 11 88 65 88 45 65 58 16 26 69 80 98 98 69 54 38 76 95 4 26 37 79 55 62 40 69 19 11 94
62 44 99 91 62 29 53 53 48 19 53 65 17 68 82 80 24 42 80 19 45 45 63 33 53 87 99 53 76 53 19 53 53 29 87 53 88 26 53 7 55 53 53 53 18 53 60 53 86 70 61 53 53 60 51 63 63 57 59 83 42 56 89 53 99 56 5 88 98 26 53 11 51 53 5 86 46 77 54 24 53 53 35 53 22 53 95 1 94 31 89 53 29 84 53 39 98 16 13 53
76 67 5 25 5 50 5 65 64 12 42 29 41 91 38 52 69 78 29 83 93 32 78 5 61 72 5 24 49 33 54 19 67 14 75 10 5 97 76 29 93 1 44 29 93 6 5 2 23 5 5 20 4 6 94 54 8 42 74 83 7 15 67 38 90 100 67 47 5 66 92 31 70 95 43 93 5 5 32 91 5 5 7 68 18 1 31 60 60 48 29 29 82 49 37 5 16 33 5 73
18 1 40 57 56 74 49 18 16 84 18 72 80 48 18 18 62 18 18 46 97 18 83 94 18 93 77 62 45 94 62 31 80 18 28 35 18 26 48 7 19 7 48 82 99 44 18 38 18 81 1 98 54 18 92 78 82 53 18 38 18 18 26 99 18 18 78 96 8 40 14 38 18 80 18 28 1 95 99 18 54 13 53 83 20 43 33 82 25 92 18 89 13 95 92 30 4 18 16 98
71 14 67 5 71 76 60 71 55 85 71 23 91 12 64 74 84 84 41 62 60 68 100 57 85 72 95 23 10 19 71 34 82 10 71 75 33 53 15 77 65 71 70 71 71 7 71 69 15 30 71 93 84 18 26 77 90 75 71 91 51 18 48 11 71 20 16 94 71 47 71 65 66 43 41 25 66 71 2 49 20 68 71 23 7 40 24 71 71 3 61 30 71 48 29 64 71 71 48 71
98 69 70 74 100 92 1 100 6 30 100 33 93 4 100 100 100 100 7 7 35 10 93 100 4 25 56 10 98 11 65 57 48 80 87 37 83 51 67 100 23 57 3 100 100 100 80 100 22 100 58 61 48 43 38 18 64 42 64 64 46 100 21 4 78 95 82 85 71 54 59 18 70 98 100 31 100 59 4 96 57 97 69 2 61 33 86 13 38 47 61 100 95 92 73 64 51 59 100 100
67 44 5 5 5 61 69 5 22 19 77 72 20 62 12 61 43 38 5 54 31 67 30 11 84 38 41 94 5 5 47 4 11 10 42 21 9 5 14 60 2 43 37 85 58 5 57 12 99 46 58 42 5 39 5 12 31 76 24 4 83 48 85 44 100 99 88 46 28 5 44 5 33 47 23 39 82 58 71 47 80 46 1 52 51 54 26 20 5 13 26 41 10 52 59 58 5 71 56 29
100 81 100 53 42 34 60 58 56 80 100 92 100 75 18 43 18 58 100 4 81 11 12 74 10 24 1 100 100 93 26 100 90 100 53 72 69 12 16 48 52 51 100 41 26 24 91 50 100 43 100 2 65 5 100 100 100 77 100 70 75 28 54 20 35 20 79 99 100 5 40 79 32 72 58 90 44 57 86 42 100 96 18 28 100 73 84 5 28 20 64 69 23 8 31 100 61 7 100 100
47 35 47 35 48 15 7 35 23 82 57 35 13 90 80 34 93 94 19 98 100 29 32 39 25 6 25 84 69 22 35 25 49 35 35 37 35 67 28 27 85 65 38 15 16 35 48 64 88 38 76 100 29 53 96 40 26 93 41 63 96 38 34 61 49 71 71 28 85 61 35 35 57 27 70 97 42 47 36 35 66 42 42 16 35 34 57 27 74 35 20 40 98 35 56 6 12 50 92 22
50 2 24 56 50 35 50 11 62 1 94 62 34 85 15 61 7 50 50 70 78 50 80 22 76 50 76 81 38 70 35 54 50 68 49 86 63 82 96 50 50 9 13 50 63 50 64 50 50 50 50 47 50 94 34 40 76 33 34 71 24 28 57 29 28 21 30 80 26 68 50 50 52 99 24 51 85 22 12 27 50 50 51 82 73 51 68 79 11 30 8 21 55 22 96 33 50 94 94 66
24 56 50 4 66 100 38 30 45 98 13 17 59 98 89 93 1 24 98 47 84 27 9 25 100 5 30 11 28 85 98 72 98 76 12 49 48 55 92 90 52 97 98 11 64 28 92 59 13 27 82 5 31 98 27 98 9 20 69 57 1 41 27 47 85 31 17 7 7 4 74 42 21 98 98 59 98 98 14 76 81 16 81 12 29 40 98 20 59 78 75 98 45 5 94 69 89 98 41 97
64 36 12 37 3 33 19 47 87 52 22 80 22 70 26 55 78 99 6 22 5 22 59 53 25 52 22 20 22 85 88 20 22 71 65 32 99 91 14 32 97 82 49 1 22 22 24 22 22 11 70 19 70 31 29 58 59 50 25 11 80 20 32 21 22 58 61 90 27 85 35 38 22 93 49 86 95 88 69 68 90 49 100 22 51 33 76 60 25 68 4 42 9 70 86 93 21 22 17 56
9 85 20 43 24 9 16 14 40 16 83 69 67 30 55 7 68 61 81 20 78 20 20 20 25 21 47 40 14 20 93 84 21 94 12 32 13 12 26 20 82 13 87 20 20 20 59 7 20 93 55 70 18 80 53 63 71 82 21 20 20 20 56 78 13 52 45 58 24 50 20 55 20 49 6 48 77 34 20 3 99 87 12 29 17 58 79 34 20 7 70 65 80 20 20 53 29 69 20 2
46 2 19 44 2 57 87 76 80 96 85 89 98 33 42 52 2 81 2 2 11 2 18 2 81 5 77 2 61 74 75 23 2 70 75 45 91 47 9 91 48 2 86 2 39 37 2 14 2 27 87 68 15 54 61 72 3 2 84 7 67 46 2 2 52 7 31 36 75 2 42 2 85 1 63 49 16 24 92 2 53 5 2 96 13 2 2 2 54 94 16 55 40 20 40 86 16 30 2 21
46 18 46 10 86 46 98 65 30 42 43 52 9 89 27 89 95 46 82 89 52 46 34 46 46 1 46 62 25 39 91 25 48 19 42 89 46 5 84 31 48 78 83 87 10 46 98 13 6 46 59 46 21 1 51 71 63 12 22 74 26 63 65 42 46 43 6 46 66 20 46 33 34 84 21 74 81 50 62 100 74 5 69 52 15 26 40 30 46 76 97 85 46 32 43 46 75 56 84 6
59 61 18 25 83 66 61 66 36 86 66 66 22 45 10 74 98 68 94 66 66 93 82 66 64 66 23 20 78 95 99 66 95 100 80 66 66 66 97 66 53 2 4 48 18 17 10 25 13 6 35 78 28 37 97 90 43 17 66 66 9 48 27 53 3 66 66 66 66 66 45 64 81 62 5 80 43 87 42 76 80 66 41 66 91 55 66 36 16 66 66 9 63 67 27 66 59 28 66 48
16 89 28 60 28 93 87 52 33 5 51 97 89 85 89 95 35 27 24 1 89 89 89 89 95 76 89 82 91 81 44 45 25 71 89 14 89 88 79 41 34 25 54 35 81 66 12 7 38 70 89 89 68 67 6 8 89 55 25 43 89 39 68 36 89 29 30 47 96 78 22 1 78 20 67 89 89 72 27 74 14 55 74 100 72 13 34 96 89 4 98 73 89 71 51 44 53 57 99 94
15 54 56 70 82 36 86 15 15 38 35 15 44 24 15 15 34 56 47 69 51 75 15 23 10 6 91 15 38 56 12 17 56 94 15 4 15 41 43 67 42 8 48 66 11 38 74 15 39 15 96 15 6 67 1 15 12 4 61 15 82 65 15 15 97 78 15 14 95 97 26 16 93 73 87 21 43 15 15 13 77 2 47 70 22 89 15 15 71 24 39 18 39 7 79 14 2 15 15 85
34 47 4 4 52 17 4 4 4 27 25 95 71 4 80 14 12 9 94 12 4 81 4 77 33 41 4 97 63 64 99 37 58 29 80 20 75 53 4 36 23 24 22 56 83 52 4 26 52 2 34 20 46 4 85 79 4 73 4 52 42 8 7 4 99 8 37 14 14 48 51 91 4 47 58 4 14 31 33 13 29 4 57 42 39 4 4 87 50 80 93 34 84 68 25 4 36 30 4 4
5 5 15 63 5 57 1 3 47 48 5 65 5 78 93 19 60 5 26 5 34 76 100 92 78 45 1 38 5 63 5 19 85 14 88 5 5 5 46 7 6 5 73 34 71 5 32 76 77 47 39 68 85 90 5 69 58 22 62 57 99 58 52 59 100 32 39 76 30 5 12 70 80 73 93 5 5 5 66 49 17 65 87 4 47 81 5 51 48 5 43 60 7 28 4 12 79 33 48 64
56 19 40 38 60 8 80 6 39 42 30 29 30 93 74 20 90 52 84 83 30 30 30 30 38 5 83 41 43 30 13 71 29 97 30 36 75 58 68 30 71 62 4 24 97 64 46 68 14 26 30 50 35 46 30 45 74 95 30 60 18 36 36 50 30 10 35 30 25 52 33 69 9 42 30 30 32 51 78 36 100 23 25 30 27 30 17 40 97 46 90 56 38 44 80 88 1 87 30 6
26 87 33 4 24 71 87 33 59 19 48 20 86 81 43 35 13 44 20 15 70 94 33 90 33 27 32 33 87 32 33 77 33 15 33 79 2 80 41 53 31 33 47 33 59 66 99 97 59 8 33 52 33 33 64 21 95 56 99 66 45 56 56 32 25 61 46 84 22 20 80 23 80 40 81 7 19 12 33 43 33 83 36 33 33 94 83 33 90 4 95 97 33 69 33 33 17 33 86 2
97 17 22 27 92 32 89 8 84 4 3 64 36 8 22 4 8 80 69 44 8 43 47 29 8 8 6 76 89 44 8 23 96 41 78 67 65 4 8 86 36 37 69 34 8 29 87 8 2 81 78 21 8 72 8 8 63 65 91 57 88 30 73 14 8 21 38 89 97 23 81 35 98 97 20 24 54 8 8 35 22 8 88 43 81 91 36 62 63 46 8 6 8 98 63 60 85 9 91 96
54 50 50 55 9 11 54 28 17 25 47 50 95 48 37 50 36 50 11 7 81 97 27 32 83 75 32 50 5 70 5 43 50 3 33 50 25 73 18 72 77 20 21 59 96 41 32 21 3 50 62 56 50 12 67 16 41 22 65 49 67 43 14 82 10 34 99 19 75 27 50 15 50 97 82 87 50 91 38 87 50 14 77 60 76 44 9 50 29 77 36 50 47 64 50 68 64 94 75 7
64 92 54 47 95 18 69 73 44 8 87 70 61 17 54 84 20 56 35 54 10 54 23 8 54 57 44 54 45 3 54 54 6 11 66 38 82 90 59 75 54 90 29 86 61 6 59 54 56 78 54 65 71 54 79 54 77 12 14 84 22 74 54 54 6 71 26 78 70 54 20 76 54 57 62 54 72 9 22 24 54 78 51 54 91 23 41 96 88 10 34 58 86 58 92 54 38 14 21 70
1 16 70 28 46 63 72 44 20 93 98 47 65 44 56 20 44 86 44 44 33 98 81 44 41 77 25 96 80 98 32 51 53 72 21 20 24 33 44 35 36 85 40 44 18 86 51 97 44 44 44 36 44 37 16 82 33 55 92 43 76 67 85 35 24 44 44 55 11 44 5 58 64 44 44 44 45 49 46 74 98 44 24 44 44 40 8 44 41 44 86 44 44 44 92 36 82 91 51 53
73 30 51 59 42 73 5 48 83 28 63 27 76 70 30 56 4 58 59 24 69 74 36 59 16 59 97 6 30 30 65 80 39 30 21 77 30 54 16 70 25 30 31 30 20 9 30 74 30 29 38 55 30 23 17 30 82 30 79 65 12 97 4 91 49 81 18 4 25 30 51 5 18 30 36 17 1 22 65 84 30 18 50 30 30 23 83 11 30 35 35 7 3 62 63 30 20 89 29 45
65 38 15 66 38 37 44 92 38 82 2 50 60 99 7 38 38 11 94 38 45 93 66 38 39 55 34 94 97 38 72 50 38 37 59 38 57 38 65 99 38 82 12 70 2 42 15 20 38 99 2 66 72 41 68 42 83 76 76 71 72 30 60 38 50 68 11 92 38 38 38 67 24 79 64 95 38 81 94 94 10 49 68 2 33 95 66 38 98 81 90 38 77 69 27 7 52 38 30 6
15 35 61 66 41 61 6 67 55 49 67 61 63 84 61 43 100 14 26 63 30 91 59 61 29 99 20 20 99 61 73 80 61 50 6 61 42 61 18 61 79 11 61 61 28 98 97 90 32 47 50 99 30 61 61 75 5 39 58 70 61 48 93 4 57 90 47 51 86 50 97 61 8 52 1 19 78 61 68 50 61 42 61 32 90 86 54 22 41 8 60 22 61 7 61 45 40 6 56 61
18 87 60 20 57 95 68 13 30 95 57 94 95 72 38 95 11 20 83 95 96 100 11 95 36 40 71 24 95 30 95 95 78 53 36 95 70 33 1 77 7 78 94 93 95 81 76 13 51 71 43 85 66 60 58 44 99 65 18 95 95 33 83 96 95 42 41 78 89 29 17 79 8 95 25 27 84 95 95 5 2 6 27 10 48 67 3 62 36 84 27 20 95 95 95 95 95 15 60 95
56 90 51 40 42 3 93 16 16 6 94 57 59 6 44 68 93 49 34 87 44 47 93 47 44 37 45 54 80 54 91 93 93 12 100 93 93 85 70 79 20 60 3 28 19 34 86 80 78 81 81 93 93 50 74 93 77 42 26 51 11 57 1 84 81 13 15 8 93 70 92 93 93 93 73 25 61 97 52 15 42 93 3 95 43 89 93 93 84 98 94 4 93 42 5 93 70 78 76 93
1 15 5 58 10 1 39 42 1 63 1 80 92 1 80 83 1 1 54 1 56 70 25 67 63 1 56 37 83 94 1 92 75 1 1 1 26 1 1 72 37 10 1 54 30 85 93 1 95 1 24 81 16 1 51 1 73 88 35 38 91 1 3 8 37 1 17 1 1 61 29 63 1 54 75 91 27 22 81 1 1 42 22 2 29 5 87 94 72 55 9 43 54 2 41 55 1 80 4 42
39 39 39 29 60 27 39 84 51 32 39 76 61 36 62 91 29 98 46 21 35 63 62 66 20 72 13 59 39 65 86 71 94 27 30 64 36 39 39 41 78 96 36 86 16 10 86 39 76 76 39 39 72 72 82 13 39 39 16 35 26 39 79 32 100 39 39 39 73 34 47 39 12 39 28 1 83 7 39 78 82 88 95 39 74 38 50 58 69 67 33 51 62 39 39 31 39 67 8 34
80 37 30 26 40 82 82 52 40 69 40 37 49 2 40 87 37 61 61 96 33 95 29 18 40 44 45 27 67 44 6 9 18 1 25 35 19 46 40 40 40 56 40 40 75 40 5 42 5 90 49 59 40 25 51 18 40 63 59 69 40 62 40 89 56 40 27 86 6 56 31 40 11 77 23 63 87 45 48 62 97 31 63 56 40 69 46 81 4 87 4 43 69 75 40 6 40 75 40 84
80 88 38 98 98 98 54 25 74 20 100 7 4 72 98 32 95 15 76 98 58 98 89 11 93 50 13 27 80 19 98 25 38 69 98 54 35 46 55 58 68 96 23 93 8 30 98 74 94 54 98 95 98 64 23 83 23 98 10 98 85 100 75 84 44 31 45 96 11 53 98 5 17 84 72 90 90 57 98 64 98 98 98 50 25 88 34 24 98 98 98 90 81 16 98 67 98 98 57 3
8 72 11 8 100 8 86 8 62 69 31 9 63 8 8 70 8 64 89 8 36 67 64 100 59 8 33 8 36 8 38 3 77 57 74 61 8 79 70 8 35 18 8 8 44 8 47 8 67 29 91 98 9 47 97 1 98 12 50 75 10 8 55 8 8 76 3 13 70 86 80 82 31 82 92 14 8 67 31 8 8 77 3 71 27 30 8 35 71 47 8 8 46 8 71 65 3 62 8 8
74 54 57 21 51 54 100 4 54 76 95 63 78 28 57 58 30 86 41 27 47 54 94 23 57 35 55 47 28 54 86 89 54 17 54 54 22 8 66 43 41 58 49 52 69 6 78 8 86 69 21 54 54 54 56 50 68 54 21 52 29 37 38 12 7 27 50 27 3 24 56 31 45 2 54 23 25 44 37 27 8 51 54 54 59 28 51 17 45 53 10 10 54 27 78 30 69 22 49 65
34 100 94 29 76 43 20 73 46 39 58 17 54 18 69 73 46 46 23 78 48 86 56 9 48 87 22 8 49 14 63 18 54 19 46 46 73 47 71 59 75 24 6 44 13 46 49 59 46 6 4 41 27 69 10 11 11 46 58 77 41 46 40 65 46 85 41 13 66 80 98 97 53 37 44 33 29 29 40 46 50 75 67 57 44 13 46 37 24 33 46 9 41 25 46 45 72 46 75 41
80 88 28 28 31 57 77 32 88 5 28 10 85 25 1 43 43 95 28 97 81 56 67 38 24 66 28 28 28 42 69 26 49 89 1 69 43 28 28 28 22 56 60 43 62 84 73 28 28 33 8 33 74 21 62 11 33 28 28 68 51 54 24 74 28 52 9 66 28 31 81 28 48 83 86 28 31 4 14 98 11 33 62 28 57 76 36 88 35 95 71 29 28 89 76 74 24 69 45 28
94 94 94 41 94 94 86 40 69 43 94 25 84 4 66 4 91 94 96 87 63 2 10 94 22 10 94 31 84 94 65 67 94 80 12 94 35 12 83 91 70 55 33 94 60 30 94 82 92 12 21 24 8 43 4 33 77 84 94 94 58 43 1 61 40 94 73 29 21 15 10 1 5 100 68 94 20 94 9 42 10 94 94 52 76 94 94 10 94 32 64 10 57 94 32 6 73 91 89 80
82 46 4 4 91 41 85 91 4 93 65 3 44 34 16 4 25 84 79 4 8 88 47 72 27 31 74 67 3 4 11 64 4 64 80 62 77 26 4 22 53 56 96 86 45 49 4 89 59 91 8 75 4 50 80 71 63 34 30 18 87 9 14 61 4 4 4 16 3 25 17 11 79 4 65 17 78 18 4 25 50 80 99 4 85 25 48 18 59 98 57 45 87 11 4 4 4 77 38 44
95 19 42 36 44 65 64 21 2 75 91 61 81 8 93 93 93 79 53 69 79 64 49 93 93 96 45 18 4 99 93 46 38 69 54 38 93 93 93 93 61 83 93 64 67 56 23 73 93 34 84 93 5 64 38 75 97 67 93 93 93 65 2 53 93 58 69 93 82 29 100 42 93 19 93 76 6 73 93 93 4 45 52 69 2 43 27 52 36 49 68 93 93 98 66 91 59 43 80 68
95 10 68 93 10 30 20 98 87 10 38 10 50 10 66 55 90 25 10 40 37 50 18 39 37 46 18 37 58 2 92 10 71 49 54 11 10 84 10 85 62 3 43 98 10 92 4 50 49 98 93 57 47 61 10 4 59 7 23 10 10 14 85 80 10 21 47 27 29 9 10 36 20 53 1 31 86 25 45 40 26 90 10 99 89 55 36 10 1 78 15 15 32 79 13 70 46 87 10 10
61 38 95 15 60 67 92 35 70 100 48 4 55 37 100 92 79 60 23 47 60 60 70 64 60 10 25 70 48 60 49 6 28 57 60 8 60 60 53 70 33 48 46 23 60 49 60 99 34 60 76 72 60 98 72 60 60 49 98 60 87 9 72 63 92 60 92 35 2 60 60 21 93 86 60 29 60 72 28 38 60 60 47 54 86 98 31 83 98 22 56 60 60 60 60 60 60 60 31 36
18 45 9 100 21 25 80 27 9 18 17 1 77 55 58 91 74 9 93 63 81 65 63 9 42 32 9 13 79 92 9 9 52 41 9 9 23 9 90 26 9 1 9 35 9 9 38 49 99 57 38 21 93 57 9 25 52 78 62 74 70 43 79 24 84 63 79 9 21 90 46 28 9 82 48 83 20 36 9 42 10 28 9 9 30 41 60 22 37 90 9 11 9 27 9 26 95 9 28 9
48 20 48 20 48 48 48 39 53 90 42 7 24 100 26 55 26 99 23 55 48 7 66 68 75 89 48 53 23 48 82 34 48 56 61 73 31 75 8 13 20 63 48 2 52 5 48 48 93 54 65 44 38 72 1 48 49 93 80 33 51 68 48 12 48 48 63 27 11 74 49 48 48 45 48 96 48 95 82 5 70 99 97 53 35 48 48 48 53 48 48 89 45 48 55 66 27 71 8 20
54 36 51 15 10 10 81 70 10 70 35 57 49 2 43 16 91 88 69 70 17 70 52 98 70 60 7 89 65 75 70 70 70 70 70 100 89 81 9 84 70 70 5 31 71 92 26 56 70 7 90 70 4 92 67 7 76 91 62 70 6 1 29 63 98 2 35 20 34 70 56 71 91 37 72 70 70 70 2 29 45 27 41 91 95 87 28 29 10 70 16 70 70 22 70 78 70 27 70 21
65 100 67 21 58 88 18 64 39 57 37 60 67 70 19 47 3 2 67 99 67 67 79 74 11 69 43 23 85 27 75 84 16 67 67 67 25 52 48 86 80 14 19 7 67 72 59 42 19 95 40 23 67 13 64 43 68 91 67 67 49 67 22 67 79 8 67 43 67 86 86 15 67 67 29 67 72 83 26 18 67 67 9 64 46 30 84 85 65 22 8 69 65 67 34 86 16 73 28 77
97 32 63 78 63 64 75 63 76 49 63 9 92 5 71 63 6 81 63 63 13 46 45 8 78 10 80 4 35 20 34 31 40 99 26 64 75 6 61 11 62 63 3 63 73 9 3 63 63 79 55 39 34 78 98 2 56 71 64 70 15 35 63 63 63 48 44 55 63 79 3 27 29 28 1 72 63 24 83 21 55 37 89 28 60 50 12 55 11 79 7 87 25 20 63 63 93 63 38 17
49 23 63 69 80 11 55 50 58 83 46 66 18 55 87 84 19 65 67 25 96 55 11 30 68 45 49 94 100 82 79 14 78 56 51 28 60 77 84 96 6 100 96 96 9 64 91 96 96 8 88 37 23 84 83 68 2 74 39 87 96 29 68 68 6 94 23 13 96 88 80 14 96 83 96 64 47 32 41 18 67 5 7 2 92 11 32 96 70 68 50 9 47 1 18 96 21 96 79 75
20 14 73 8 28 28 93 6 38 8 28 45 28 42 82 25 79 74 29 28 8 46 28 52 92 27 69 28 18 28 29 28 25 28 28 24 48 89 70 20 82 15 68 24 41 28 5 78 1 18 85 58 28 8 81 99 66 81 28 28 98 62 28 28 17 2 87 84 1 54 35 28 33 45 95 34 88 96 93 5 14 26 62 58 39 28 28 62 28 38 28 60 93 17 64 79 100 73 63 34
45 85 40 31 57 70 13 30 80 95 97 35 75 22 19 26 33 97 61 57 6 66 66 2 95 66 15 1 47 66 25 57 81 94 84 66 18 91 66 52 44 66 30 59 99 66 43 24 66 60 62 55 94 25 45 66 9 89 3 66 96 18 66 66 48 66 66 92 85 50 66 94 49 75 58 46 66 3 21 66 66 66 99 66 98 44 6 95 66 75 72 74 3 82 66 91 66 58 53 53
49 54 51 79 96 90 42 85 30 79 99 29 90 90 90 90 18 75 86 38 53 90 16 90 68 24 87 90 42 45 59 70 35 70 77 90 81 90 34 90 21 48 96 93 71 90 62 96 35 26 10 16 41 29 70 11 90 61 41 90 90 54 90 90 50 13 94 29 33 68 52 67 57 90 54 63 60 61 65 21 20 90 47 77 90 36 26 21 90 90 72 55 90 87 52 72 45 65 30 29
20 79 41 19 59 4 95 76 31 56 12 70 54 74 13 23 47 46 19 19 81 5 4 19 19 17 30 47 19 19 19 84 96 19 19 87 19 55 56 97 19 30 64 90 40 63 14 26 86 70 28 45 43 19 69 41 48 1 63 19 98 67 19 7 96 56 5 44 11 68 10 95 59 19 24 41 19 23 70 50 87 47 19 49 19 99 19 69 17 59 67 72 2 19 3 19 48 86 25 19
88 88 3 63 20 31 31 31 97 31 37 88 23 72 31 96 31 31 40 100 51 39 2 85 49 93 14 4 72 35 31 31 31 28 86 31 64 31 31 1 31 55 43 63 53 18 18 31 61 37 20 9 78 88 25 17 8 1 31 31 31 54 58 22 28 56 83 85 30 94 77 55 9 29 54 83 77 66 68 67 13 31 3 50 53 69 54 8 31 90 88 85 31 9 31 37 2 74 94 100
97 24 73 34 10 13 24 58 73 86 98 6 58 39 73 55 73 73 30 31 89 100 73 32 76 70 25 47 73 77 66 32 14 24 33 11 73 19 22 95 6 33 14 48 98 74 73 42 39 72 10 30 73 73 72 59 67 26 73 49 53 11 93 73 73 56 7 73 39 66 73 73 73 82 66 5 54 73 76 89 7 69 18 68 89 71 73 74 81 17 42 1 38 46 20 73 34 81 73 50
39 54 58 10 72 10 18 20 71 10 79 10 10 65 84 60 62 65 41 16 30 70 7 18 10 98 43 6 64 22 37 36 10 33 44 96 14 78 21 61 72 77 7 82 13 10 15 95 68 85 26 73 78 37 9 10 10 20 35 57 72 99 26 67 32 10 10 62 25 10 49 28 65 39 94 33 2 16 27 35 63 30 21 78 65 10 10 91 14 10 10 43 63 28 61 10 86 82 1 60
25 25 77 59 19 25 25 55 51 35 34 14 1 88 72 74 92 92 97 55 25 98 42 73 25 83 92 62 89 93 40 51 55 12 6 40 98 83 25 80 93 37 22 69 17 76 98 58 25 25 25 5 93 25 25 88 10 77 31 66 31 34 25 69 40 29 98 40 91 96 9 63 17 38 93 82 41 25 4 25 14 25 97 5 41 99 40 15 100 19 25 31 20 100 65 62 3 48 47 93
79 30 67 1 67 67 75 14 83 67 77 1 74 15 67 67 58 8 67 67 65 9 43 24 21 46 73 97 67 67 4 3 41 60 86 57 13 100 4 96 21 44 86 33 17 34 19 67 67 51 67 35 99 31 67 53 98 9 82 60 67 68 67 66 62 9 67 5 52 91 18 79 67 67 69 67 67 49 67 67 5 66 50 67 77 45 20 67 15 67 18 78 33 67 69 67 38 67 53 99
