29 4984634680
36707741410457 358326862045779
453447645388 854981598584
390780475017195 947712756027917
348068819750 679825337579320
107988097369307 114797694885860
202369645881207 41214824747870
24552322860 212312128179073
165696099478 30777641196784
130383073581 551797386677190
59416597203949 295987099506614
20416972502188 933332547312155
6457550523 922355087308386
107988099952009 47192596168557
220368282493340 83571198662747
100996466063 505642249499708
216906091185911 396731559438609
716399905455 15540079044024
15039442842348 21270349931107
11337371493101 557536167839162
155763647369359 804954903913670
1173395371678 874573070130630
2582702 297170428716967
341611269227 944045060047166
211900443382874 522131541682428
5618873302 157542175767694
759102433102 891089246871322
3684565110986 229345027610837
20860796188996 502469326141247
82174843117688 620518666718784
