40
52
10 22 8 28 11 26 4 15 29 9 5 21 27 5 11 32 3 12 37 2 7 9 13 8 31 20 24 9 28 37 23 26 21 14 4 36 11 35 25 19 5 12 18 6 3 22 35 15 14 39 28 31
15 9 12 40 29 10 10 7 10 10 5 16 37 35 32 36 19 15 3 12 25 10 14 35 4 27 18 21 40 1 6 31 13 21 10 26 23 10 28 8
22 9 12 16 22 20 13 7 9 18 36 38 22 5 22 32 9 15 17 11 6 22 24 11 22 32 27 3 22 5 32 17 15 15 13 36 33 22 30 2
14 22 27 12 8 8 38 8 33 19 20 21 15 8 9 12 27 28 6 8 13 31 26 19 2 17 36 12 32 11 27 18 8 4 10 13 29 20 20 8
39 16 12 6 26 1 9 19 18 24 6 26 28 4 28 29 7 9 28 22 15 17 3 20 34 28 24 28 2 39 5 5 4 30 6 28 34 35 10 34
5 11 38 5 3 4 11 11 35 11 11 8 33 11 30 11 18 19 22 5 11 13 20 11 3 11 12 26 36 39 11 23 23 30 11 20 35 17 2 23
30 16 26 40 25 26 25 3 26 7 9 23 39 35 6 2 37 1 32 38 12 15 2 3 22 26 27 26 24 23 12 30 26 22 7 24 2 37 14 32
8 14 4 4 32 2 6 2 6 18 18 4 36 8 5 25 31 8 18 4 34 4 34 28 4 4 26 6 4 1 30 27 23 4 10 1 19 4 30 14
35 15 40 15 15 5 17 17 15 26 31 7 9 38 15 12 15 15 1 36 15 11 36 40 15 15 27 10 15 31 39 2 27 19 7 27 26 16 19 6
15 19 35 33 29 31 3 31 36 6 30 29 25 40 12 33 33 29 21 29 30 29 24 32 28 29 38 35 29 32 25 32 3 21 29 22 20 38 1 4
20 31 13 21 23 23 9 22 9 36 33 9 31 6 37 2 9 9 30 8 38 1 36 9 38 10 14 9 2 3 9 36 9 23 24 9 40 15 34 26
40 33 12 5 5 1 20 5 27 40 35 27 36 5 32 5 3 15 5 36 10 14 10 5 32 23 11 4 33 34 17 14 13 5 13 5 16 5 5 5
6 21 32 36 10 31 30 23 36 10 2 40 21 28 4 11 9 11 13 24 21 21 13 33 10 16 26 21 30 21 40 36 8 35 40 38 30 21 21 40
27 26 27 27 38 25 25 27 40 18 40 20 27 38 31 36 33 9 36 15 39 6 13 33 27 25 27 12 34 37 25 5 37 17 3 27 23 39 3 32
28 5 23 13 5 27 2 27 28 2 5 40 25 17 23 10 40 7 12 34 16 5 36 28 37 29 30 3 5 9 13 13 33 30 21 6 11 5 22 5
28 13 19 11 3 24 15 40 16 37 11 20 15 11 33 4 3 5 17 31 35 37 15 37 5 5 22 11 11 33 40 30 37 9 14 11 5 11 2 11
5 25 2 32 32 7 32 34 22 4 35 31 7 32 18 22 22 37 11 32 36 38 18 34 31 32 13 20 36 32 36 32 12 32 32 4 32 32 31 32
37 3 3 3 3 3 28 8 36 39 15 3 32 3 10 16 23 35 40 34 16 40 20 37 36 4 28 13 2 27 20 23 8 3 3 1 25 26 11 27
17 34 6 1 12 5 4 21 8 5 19 12 25 16 15 9 28 20 38 12 17 31 40 33 12 4 25 21 2 26 2 12 10 32 30 36 34 11 22 36
2 37 25 36 21 37 32 16 40 23 22 37 23 16 31 25 23 1 25 9 29 23 4 20 27 37 32 5 16 37 37 39 26 18 37 16 37 1 13 1
2 2 33 4 37 17 21 38 2 6 24 37 40 15 29 28 24 8 2 21 28 13 2 3 23 16 24 17 2 10 39 22 12 24 26 4 19 2 22 1
39 40 4 40 7 7 7 20 23 30 23 9 7 27 37 6 28 39 26 33 27 15 14 7 27 20 39 20 28 3 38 35 7 29 39 30 9 21 8 8
23 10 6 7 35 36 27 9 9 7 4 29 19 13 9 31 16 24 11 20 9 28 3 25 9 25 9 37 31 34 12 11 15 4 32 28 9 23 37 32
13 13 6 6 12 13 29 27 13 14 31 13 13 6 11 10 4 38 33 13 15 26 13 13 13 40 13 9 9 13 1 14 17 31 7 29 7 22 13 28
21 40 8 5 13 35 8 8 13 25 35 8 20 17 2 11 23 15 7 9 8 16 3 26 8 18 36 18 35 8 8 37 25 39 24 21 15 13 5 12
33 13 5 31 30 31 17 31 31 31 15 24 28 35 13 32 34 30 31 31 31 30 14 31 2 31 34 33 31 37 31 22 33 40 31 39 3 31 20 27
38 20 28 23 20 5 20 28 36 20 20 11 27 20 27 20 19 28 19 20 1 1 24 26 32 10 13 38 26 8 1 17 20 8 16 14 39 16 20 37
3 31 31 22 24 3 29 10 37 27 33 22 26 12 1 21 24 24 24 32 12 24 17 24 30 27 29 9 38 5 24 36 24 24 35 9 12 24 6 24
2 38 2 39 5 6 21 35 9 9 36 11 9 9 9 34 17 9 30 9 2 15 22 34 24 9 9 9 34 1 19 23 30 20 27 3 29 12 9 29
40 39 20 13 18 10 34 19 19 2 6 23 28 12 14 14 28 7 6 16 13 25 28 30 22 14 28 28 9 15 25 8 19 23 28 40 28 36 28 28
14 2 23 37 30 13 37 29 37 8 19 37 20 9 14 15 37 37 37 18 37 9 5 37 33 6 5 37 13 30 10 17 19 20 37 37 37 17 36 11
21 38 4 23 9 32 26 7 8 23 5 36 4 23 33 24 39 38 4 19 3 35 23 21 7 7 37 10 7 7 30 23 9 23 37 20 2 13 17 17
26 26 15 23 39 26 22 26 21 26 7 21 40 10 38 27 36 3 34 26 21 8 21 25 4 26 13 40 16 26 35 21 2 23 25 25 30 14 5 31
21 21 21 13 21 36 16 21 9 21 8 29 33 39 27 22 32 7 38 15 21 40 24 38 35 21 21 4 8 1 3 29 32 11 16 32 19 2 21 24
28 14 14 38 40 14 29 14 14 14 14 14 30 14 14 1 11 14 14 6 28 8 10 9 30 16 27 4 32 27 19 18 6 38 14 2 4 31 16 19
4 12 28 4 4 30 7 4 39 40 6 7 26 25 30 11 30 22 38 36 37 32 11 4 24 20 21 3 15 19 2 30 33 11 25 17 15 38 5 12
31 2 21 36 30 38 8 18 13 30 40 13 24 36 15 31 32 8 34 36 36 33 9 30 33 28 36 11 36 11 11 25 11 40 35 36 36 23 32 22
1 23 36 8 27 1 14 17 29 28 11 17 20 20 37 33 39 8 8 14 23 11 38 24 13 11 4 6 12 11 3 32 21 37 38 9 39 6 30 24
22 32 22 1 26 32 27 21 2 29 35 23 8 4 28 6 3 33 30 35 35 32 35 1 4 35 29 35 36 22 23 11 35 5 35 35 31 32 33 35
20 9 17 15 23 40 2 36 22 25 2 36 28 14 35 17 16 2 7 18 40 15 37 27 25 21 22 26 23 27 18 25 37 31 13 25 25 4 17 25
14 35 9 19 31 19 24 14 27 26 19 33 20 24 14 19 35 19 19 22 10 33 31 33 1 4 40 40 3 17 25 40 14 2 21 25 19 14 22 20
26 30 27 14 5 24 29 1 5 32 5 11 24 19 5 27 6 40 4 35 5 9 16 29 40 1 5 24 9 5 7 6 26 5 5 5 25 38 29 22
33 29 17 13 21 12 34 12 13 32 3 12 19 26 26 12 11 16 6 21 21 38 28 14 24 4 5 12 22 12 24 29 12 22 34 15 17 29 30 25
21 14 2 22 16 18 38 35 30 7 18 28 13 18 21 8 27 18 33 19 5 11 17 18 32 25 39 6 14 16 27 40 40 39 10 8 7 7 4 3
6 6 24 9 6 6 30 10 29 14 19 16 8 20 14 25 20 18 6 20 36 29 6 22 6 5 10 6 25 2 17 19 28 6 37 6 40 39 35 16
25 3 3 18 15 28 3 15 31 6 31 4 3 3 20 33 17 13 35 27 8 17 1 39 19 29 6 16 5 37 31 17 35 17 13 20 3 3 8 29
10 18 23 10 23 5 18 30 15 10 16 37 36 5 39 7 28 2 37 11 5 22 40 38 18 32 26 4 22 7 22 11 34 4 15 40 8 35 2 22
11 9 37 35 28 36 40 9 21 10 35 24 30 20 29 31 11 29 23 5 12 35 21 39 35 35 24 12 17 24 11 3 15 35 35 35 4 27 35 16
22 7 30 15 14 6 15 7 33 10 17 39 15 31 15 34 15 17 27 7 28 10 36 30 27 15 2 28 19 28 15 8 35 26 11 29 7 29 30 21
4 7 36 36 14 14 32 33 36 36 14 22 12 14 13 14 14 31 14 2 22 14 13 1 40 17 14 10 27 25 2 33 14 14 7 25 20 8 34 19
35 18 13 10 37 39 25 22 12 32 39 27 20 3 27 39 14 39 39 18 31 27 19 15 2 24 11 5 39 9 34 31 27 3 20 5 9 39 39 39
9 36 14 11 34 12 7 24 8 30 29 40 29 8 3 28 4 28 5 9 13 22 25 4 9 31 28 28 23 28 1 32 29 16 24 22 32 28 18 28
35 8 13 7 14 30 17 31 27 31 32 31 13 5 26 37 8 21 35 39 5 9 10 31 4 25 13 21 31 31 31 31 37 39 31 30 24 4 23 11
