30 100304
3959628822045 980447257262376
1949 274847423096467
55018 719330358898810
29827668184 289455498350231
78061790371764 860342967731055
3959628877063 363263486480034
9715788615439 132233367749447
4695188539355 468019429815495
4055606663936 576473928104057
84853542704313 717164692175746
28708469119731 998641670713624
2083459059027 970921532268760
18324187916039 647692301274885
634849297377 106885734566632
22590140086910 83135618718431
5111020528 639401971011249
124983697665 212389863068971
155332255328 480394355341879
63073573321813 619504860598982
46703509971577 18759464260018
1193194524 925782320215621
40846280358218 19145203150234
80228336794 350036018300885
5878580419314 159844574930486
5218790923736 677101731412234
14089315485864 114703512545749
926639484173 156388382471716
91479071640583 44082559478276
771307228845 294683522534513
50556074153501 188899783533261
