-1 -1 -1 0 1 2 0 1 2 3 4 5 6 7 8 9 0 1 2 3 4 5 0 1 0 1 2 3 4 5 6 7 0 1 0 0 1 2 3 4 5 6 0 1 2 3 4 5 6 7 8 9 10 0 1 0 1 2 3 4 5 6 0 1 2
-1 -1 -1 -1 -1 -1 -1 -1 -1 0 1 2 3 4 5 6 7 8 9 10 11 12 13 14 0 1 2 3 4 5 6 7 8 9 10 11 12 0 1 2 3 0 1 2 3 4 5 6 7 8 9 10 11 12 13 14 15 16 17 18 19 0 1 2 3
-1 -1 0 1 2 3 4 5 6 7 0 1 0 1 0 1 2 3 4 0 1 2 3 0 1 2 0 1 2 3 4 5 6 7 8 9 10 11 0 1 2 3 4 0 0 1 2 3 4 0 1 2 0 1 2 0 1 2 3 4 5 0 0 1 2
-1 -1 0 1 0 0 1 2 3 4 5 6 7 8 9 10 11 12 13 14 15 16 17 18 19 20 21 0 1 2 3 4 5 6 7 8 9 10 11 12 13 0 0 0 1 2 3 0 0 1 2 3 4 5 6 7 8 9 10 11 12 13 14 0 1
-1 0 1 2 0 1 2 3 0 1 2 3 4 5 6 7 8 9 10 11 12 13 14 15 16 0 1 0 1 0 1 2 3 4 5 6 7 8 0 1 2 3 4 5 6 7 0 0 1 2 3 4 5 6 7 8 9 10 11 12 13 14 0 1 2
-1 -1 -1 -1 -1 -1 -1 0 1 2 3 4 5 6 7 8 9 0 1 2 3 4 5 6 7 0 0 1 2 0 1 0 1 2 3 4 5 0 1 2 0 1 2 3 0 1 2 3 0 1 2 3 4 5 6 0 1 2 0 1 2 0 1 2 0
-1 -1 -1 -1 -1 0 1 2 3 4 5 6 0 0 1 2 3 0 1 2 0 1 2 3 4 5 6 0 1 2 0 1 2 0 1 0 1 2 3 0 1 0 1 0 1 2 0 1 2 0 1 2 3 0 0 1 2 3 4 5 0 1 2 3 4
0 1 2 0 0 1 2 3 4 5 6 7 8 9 10 0 1 2 3 4 5 0 0 1 2 0 0 1 2 0 1 2 3 4 5 6 0 1 2 3 4 5 6 7 8 9 10 11 0 1 2 0 1 2 3 4 5 6 7 8 9 10 11 12 0
-1 -1 -1 -1 -1 0 0 1 2 3 4 5 0 0 0 1 0 1 2 3 4 5 6 7 8 9 10 11 12 13 14 0 1 0 1 2 3 4 5 6 7 8 9 10 11 12 13 14 15 16 17 18 19 20 21 22 0 0 1 2 3 4 5 6 0
0 0 1 2 3 4 5 6 7 8 9 10 11 12 13 14 15 16 0 1 2 3 4 5 6 7 8 9 10 11 0 1 2 3 4 5 6 0 1 2 0 1 2 3 4 0 0 0 0 1 2 3 4 0 1 2 3 0 1 2 0 0 1 2 0
-1 -1 -1 -1 -1 -1 -1 -1 -1 -1 -1 -1 -1 -1 -1 -1 -1 -1 -1 -1 -1 -1 -1 -1 -1 0 1 2 3 0 0 1 2 3 4 5 6 7 0 1 2 0 1 2 0 1 2 3 4 5 0 1 2 3 4 5 0 1 2 3 4 5 6 7 8
0 1 0 1 2 3 4 5 0 1 2 0 1 0 1 2 3 0 0 1 2 3 4 5 6 0 0 1 2 3 0 1 0 1 2 3 4 5 6 7 8 0 1 2 3 4 5 6 7 8 9 10 11 12 13 14 15 16 17 18 19 20 0 1 0
-1 0 0 1 2 3 4 0 0 0 0 1 2 3 4 5 6 7 8 9 0 1 0 0 1 2 3 0 1 2 3 4 0 0 1 2 3 4 5 6 7 0 0 0 1 2 0 1 2 3 4 0 1 2 3 4 5 6 7 8 9 10 11 12 0
-1 -1 -1 -1 0 1 2 3 4 0 1 2 3 4 5 6 0 1 2 3 4 0 1 2 3 4 0 1 2 3 4 0 1 2 3 4 5 0 0 1 2 3 4 5 6 7 8 9 10 0 1 2 3 0 1 0 0 0 0 1 0 0 1 0 1
-1 -1 -1 -1 -1 -1 -1 -1 0 1 2 3 4 5 0 1 2 3 4 5 6 0 1 2 3 4 5 6 7 8 9 10 11 12 0 1 2 0 0 0 0 1 0 1 2 0 1 2 0 0 1 2 3 4 0 1 2 3 4 5 6 7 8 9 10
-1 -1 -1 0 1 0 1 2 3 4 0 1 2 3 4 5 6 7 8 9 10 11 12 13 14 0 1 0 1 2 3 0 1 2 3 4 5 6 0 1 2 3 4 5 6 0 0 0 1 2 3 4 5 6 7 8 9 10 11 0 0 1 2 3 4
-1 -1 -1 0 0 1 0 1 2 0 1 2 0 1 2 3 0 0 1 2 0 1 2 3 4 5 6 7 8 0 1 2 3 0 1 2 3 4 5 6 7 8 9 10 0 1 0 1 2 3 4 5 6 7 0 1 0 1 2 3 4 0 1 2 3
-1 -1 0 1 2 3 0 0 1 2 3 4 5 6 7 8 0 0 1 0 1 2 3 4 5 6 7 8 9 0 0 1 2 3 0 1 2 3 4 5 6 7 0 0 1 2 3 4 5 6 7 8 0 1 2 0 1 0 0 1 0 1 2 3 4
-1 -1 -1 -1 -1 -1 -1 -1 -1 -1 -1 0 1 2 3 4 5 6 7 8 9 0 1 2 3 4 5 6 7 0 1 2 3 4 5 6 7 8 9 10 11 12 0 1 0 1 2 0 1 2 3 4 0 1 2 3 4 5 6 7 8 0 1 2 3
-1 -1 0 1 2 3 4 0 1 2 3 4 0 1 0 1 2 3 4 5 6 7 8 9 10 11 0 1 2 3 4 5 0 1 2 3 4 5 0 1 2 0 0 1 2 3 4 5 6 0 1 2 3 4 0 1 0 1 2 3 4 5 6 0 1
-1 -1 -1 -1 -1 -1 -1 0 1 0 1 2 0 1 2 3 4 5 6 7 8 0 1 2 3 0 1 2 3 4 5 6 7 0 1 2 3 4 5 0 1 2 3 4 5 6 0 1 2 3 4 5 6 7 8 9 10 11 12 13 14 15 16 17 18
-1 -1 0 1 2 3 4 5 6 7 8 9 10 11 12 13 14 0 1 2 3 4 5 6 7 0 1 0 1 2 3 4 5 6 7 8 9 10 0 1 2 3 0 1 2 3 4 5 6 7 8 0 1 2 0 1 2 3 4 5 6 7 0 0 0
-1 -1 -1 -1 0 0 1 2 3 4 0 1 0 1 2 0 1 2 0 1 0 0 0 1 2 3 4 5 6 0 0 0 1 0 0 1 0 1 2 3 4 5 6 7 8 9 10 11 12 13 14 15 16 0 0 1 2 0 1 2 0 1 0 0 1
-1 -1 0 1 2 0 0 1 2 3 4 0 1 2 3 4 5 6 7 8 0 1 2 0 1 2 3 4 5 0 0 1 0 1 2 3 4 5 6 0 1 0 0 1 2 3 4 5 6 7 8 9 10 11 12 13 14 15 16 17 0 1 2 3 0
-1 -1 -1 -1 -1 -1 -1 -1 -1 -1 -1 -1 0 1 2 3 4 5 0 1 2 3 4 5 0 1 0 1 0 1 2 3 4 5 6 7 8 9 10 11 0 0 1 2 0 1 0 1 2 0 1 2 3 0 1 2 3 4 0 1 2 0 1 2 0
-1 -1 -1 -1 -1 -1 -1 -1 -1 -1 -1 -1 -1 -1 0 0 1 2 0 1 2 3 4 5 6 0 1 2 3 0 1 2 3 4 0 1 0 1 2 3 0 1 2 3 4 5 6 7 8 9 10 11 0 1 2 3 4 0 1 2 3 4 5 6 7
0 1 2 3 4 5 6 7 8 9 10 11 12 0 0 1 2 3 4 5 6 0 1 0 1 2 3 4 5 6 7 0 0 1 2 3 4 5 6 7 8 0 1 2 3 4 5 0 1 2 3 4 5 6 7 8 0 1 2 3 4 5 0 1 0
-1 -1 -1 -1 0 1 2 3 4 0 1 2 3 4 5 6 7 8 0 1 0 0 1 2 3 4 5 0 1 2 3 0 0 1 2 0 0 0 0 1 2 3 4 5 0 1 2 0 0 1 2 3 4 5 6 7 8 9 10 11 12 0 1 2 3
-1 -1 0 1 2 3 4 5 0 0 0 0 1 2 0 0 1 0 1 2 0 0 1 2 3 4 5 6 7 8 9 0 1 2 3 4 5 6 0 1 2 0 1 2 0 1 2 3 4 5 0 1 2 3 4 5 6 7 8 9 0 1 2 3 4
-1 -1 -1 -1 -1 -1 -1 0 1 0 1 2 3 4 0 1 2 3 4 5 6 7 8 9 10 0 1 2 3 4 5 6 7 8 9 10 11 12 13 0 0 1 2 3 4 0 1 2 0 0 1 2 3 4 5 6 7 8 9 10 11 12 13 14 15
-1 -1 -1 0 1 0 1 2 3 4 5 6 0 1 2 3 4 0 1 2 0 1 2 3 4 5 6 7 8 0 0 1 0 1 2 3 4 5 6 7 8 9 10 11 12 13 0 1 2 3 0 1 0 1 2 0 0 1 2 3 4 5 6 0 0
-1 -1 -1 -1 -1 -1 -1 0 1 2 3 4 5 6 7 8 9 10 0 1 2 0 1 0 1 0 1 2 0 1 2 0 1 2 3 4 5 6 7 8 9 10 11 12 13 14 0 1 2 0 1 0 1 2 3 4 5 6 7 8 0 0 0 1 2
-1 -1 -1 -1 0 1 2 3 0 0 1 0 1 2 3 4 0 1 2 3 4 5 6 7 8 9 10 11 12 13 14 15 16 17 0 1 2 3 4 5 6 7 0 1 0 1 0 1 2 3 4 0 1 2 0 0 1 2 3 4 0 1 0 1 0
-1 -1 0 1 0 0 0 1 2 3 4 5 6 7 8 9 10 11 12 0 0 1 2 3 4 5 6 7 8 9 0 1 2 3 4 0 0 0 0 1 2 3 0 1 0 1 2 3 0 1 2 0 1 0 0 1 2 3 4 5 6 7 8 9 10
-1 -1 -1 0 1 0 1 2 3 4 5 6 7 8 0 1 2 3 4 5 6 7 8 9 10 11 12 13 14 0 1 2 3 4 5 6 7 8 9 10 0 1 2 3 4 5 6 7 0 1 2 3 0 1 2 0 0 1 2 0 1 2 3 4 5
-1 0 0 1 2 3 4 0 1 2 3 4 5 6 0 0 0 0 0 1 0 1 2 3 4 5 6 7 8 9 10 0 1 2 3 4 5 6 7 8 0 1 2 0 0 1 2 0 0 1 2 3 4 5 6 7 8 0 1 2 3 4 5 6 7
-1 -1 -1 -1 0 1 2 0 1 2 3 0 1 2 0 1 2 3 4 5 6 7 8 0 1 0 1 0 1 2 0 1 2 3 0 0 1 2 3 4 5 6 7 8 9 0 1 2 3 0 0 1 2 3 4 5 6 7 8 0 1 2 0 1 2
-1 -1 -1 -1 -1 0 1 2 3 4 0 1 2 0 1 2 0 0 0 0 1 2 3 4 5 6 7 8 9 10 11 12 13 14 0 1 2 3 4 0 1 0 1 2 0 1 0 1 2 3 4 5 6 0 1 2 3 4 5 0 1 2 3 4 0
-1 0 1 2 3 4 5 6 7 0 0 0 1 0 1 2 3 4 5 6 7 8 9 0 1 2 3 4 5 6 7 8 9 10 11 12 13 0 1 2 3 4 5 6 7 8 9 10 11 12 13 14 15 16 0 1 2 3 4 5 6 7 8 9 0
-1 0 0 0 1 0 1 2 3 4 5 6 7 0 1 2 3 4 0 1 2 3 4 5 6 7 0 1 2 3 4 5 6 7 8 9 10 0 1 2 3 0 1 2 0 1 2 3 4 5 6 7 8 9 0 1 2 3 4 5 0 1 2 3 4
-1 0 1 2 3 4 5 6 7 0 1 2 0 1 0 1 0 1 2 3 4 5 0 1 2 3 4 5 6 7 8 0 1 2 3 4 5 6 7 0 1 2 3 0 1 2 3 0 1 2 3 4 5 6 7 8 9 10 11 12 13 14 15 16 17
-1 -1 -1 -1 -1 -1 -1 -1 -1 -1 -1 -1 -1 -1 0 1 2 3 0 0 0 1 2 0 1 2 3 4 5 6 7 8 9 0 1 2 0 1 2 3 4 5 6 0 1 2 3 4 0 1 0 1 2 3 4 5 6 7 0 1 0 1 0 1 2
-1 -1 -1 -1 -1 -1 -1 -1 -1 -1 -1 -1 0 1 2 3 4 0 0 1 2 3 4 5 6 7 0 1 0 1 2 3 4 5 6 0 0 1 0 1 2 3 4 5 0 1 2 3 4 5 6 7 8 9 10 11 12 13 14 15 16 17 18 19 20
-1 -1 -1 0 0 1 2 3 4 5 6 7 8 9 10 11 12 13 0 1 2 3 0 1 2 3 4 5 6 7 8 9 10 11 12 13 0 0 1 2 3 4 5 6 7 8 9 10 11 12 13 14 15 16 17 18 19 20 21 22 23 24 25 0 0
-1 0 0 1 0 1 2 0 0 0 1 0 1 2 3 4 5 6 7 8 9 10 11 12 13 0 1 0 1 0 1 2 3 0 1 0 1 2 3 4 0 1 2 3 4 5 6 0 1 2 3 0 0 1 2 0 0 1 2 3 4 0 1 2 3
-1 0 1 2 3 4 0 1 2 3 4 5 6 7 8 0 1 2 3 4 5 6 7 8 0 1 2 0 1 2 3 4 5 6 7 8 0 1 2 0 1 2 3 0 0 1 0 0 0 1 2 3 4 0 0 0 1 2 3 4 0 1 2 3 0
-1 0 1 2 0 1 2 3 4 0 1 0 0 1 2 3 4 5 6 0 1 0 1 2 3 4 5 6 7 8 9 10 11 12 13 14 15 16 17 18 19 0 1 2 3 4 5 6 7 8 9 10 11 12 13 14 15 16 17 0 1 2 3 4 5
-1 -1 0 1 0 1 0 1 0 1 2 3 0 1 2 3 4 5 6 7 8 9 10 0 0 1 2 3 0 1 2 3 4 5 6 7 8 9 10 11 12 13 14 15 0 1 2 3 4 5 0 1 2 3 4 5 0 0 1 2 3 4 5 6 7
-1 -1 -1 -1 -1 -1 -1 -1 -1 -1 0 1 2 3 4 5 6 7 0 1 0 1 2 3 4 5 6 7 8 9 10 11 12 13 14 0 1 2 0 1 2 3 4 0 1 2 3 4 5 0 1 2 3 4 5 6 7 8 9 10 11 12 13 14 0
0 1 2 0 1 2 3 4 5 0 0 0 1 2 3 0 1 2 3 4 0 1 2 3 4 5 0 0 1 2 3 4 5 6 7 8 0 0 1 2 3 4 5 6 0 1 0 0 1 2 3 4 5 6 7 0 1 2 3 0 1 2 3 0 1
