29 393917044365072
54924509055128 227885225225413
50736654675806 61173920944698
5642189276364 665485115303899
155487426837 261725493948530
494516453677 100131886614023
1653210436415 576066936446642
212043670829 725751163820235
191069132830785 48904470642460
112565701 805682175392112
21698139 913964985099082
4187854379322 270529076156048
101395910075684 906071055011925
85173765816041 958296524323723
23893681476665 100354633246773
24601359753741 858151359568735
415385933250 790732802436699
9993304880529 163550963624436
119729129221662 153669389936217
7502571707 704310049926687
5438355425 383474662587754
419403958099475 31520543802413
3954520114177 869352260167248
145999762738 296994505194322
103124988513199 938507922123629
123491599513380 925051952515079
1228091276444 337242574807253
66651954867630 69899056066770
2816917630714 982754103510214
20366611000181 606260672724351
