213 919
20
754
217
10
240
439
563
2
307
554
977
123
977
718
887
403
748
361
209
468
520
818
417
738
611
705
580
295
411
877
483
393
291
782
308
133
869
765
937
17
286
5
21
184
793
91
152
269
773
512
166
52
795
503
238
826
359
774
757
259
408
224
788
205
638
691
132
146
964
966
837
879
386
166
62
176
903
658
926
793
740
955
688
61
791
920
303
152
917
781
684
692
518
72
422
428
951
264
462
712
566
747
96
136
737
562
280
708
750
421
289
262
988
202
769
851
27
885
588
965
128
439
59
677
441
545
989
305
784
854
610
859
153
795
407
303
968
206
315
583
327
753
970
971
809
570
555
379
53
86
401
728
407
135
218
631
677
796
575
558
37
532
219
900
593
104
542
758
533
628
91
580
768
835
341
656
599
706
667
542
816
790
33
976
164
802
25
32
610
746
45
370
338
675
841
925
228
23
523
68
800
414
920
789
672
760
739
714
171
759
377
912
723
593
550
375
569
865
1
758
987
493
367
677
265
40
697
9
572
634
40
327
778
712
293
82
565
878
195
602
306
514
895
147
116
445
939
119
554
32
669
244
943
901
175
567
344
411
822
820
365
615
383
114
611
118
53
400
522
664
65
247
495
294
531
698
678
615
66
265
419
879
111
333
159
722
726
57
643
438
311
329
536
140
326
745
231
441
657
10
503
202
591
777
472
578
216
293
513
20
269
812
556
372
398
760
644
436
91
641
936
33
515
684
846
366
787
508
169
65
29
990
915
422
214
7
809
643
72
803
382
395
834
749
402
763
869
429
83
90
437
706
547
600
831
980
171
73
32
207
676
918
126
162
790
363
400
978
183
521
930
220
568
145
760
772
372
219
488
643
413
633
40
100
834
378
469
248
257
10
96
831
107
862
490
671
932
300
77
132
831
915
353
498
558
654
410
2
591
465
980
614
493
660
58
534
283
884
517
743
998
209
183
705
476
915
975
316
16
587
202
693
302
604
231
445
752
150
93
634
562
450
519
682
819
586
148
837
115
38
942
436
646
230
798
395
313
6
746
574
756
865
92
877
186
912
53
212
160
695
616
31
566
608
229
627
598
438
572
466
224
475
112
305
701
299
737
790
217
505
287
298
950
971
681
208
498
150
145
448
89
697
859
399
595
990
444
475
742
657
277
14
354
680
539
104
37
464
79
713
484
79
63
634
559
750
673
726
686
692
24
757
287
396
239
936
953
54
842
86
714
88
178
512
932
859
786
750
97
448
172
796
849
307
598
874
741
393
461
130
307
953
238
256
417
954
342
257
366
848
586
384
820
332
830
852
823
123
407
543
816
507
865
982
397
868
418
201
391
497
843
700
445
678
591
650
976
816
423
618
240
634
247
522
17
838
860
683
377
692
675
447
671
149
672
125
985
641
584
667
426
901
583
79
403
761
63
788
85
667
762
392
431
758
127
52
91
899
739
362
685
795
247
453
456
975
481
378
3
190
86
841
129
799
407
587
622
900
401
747
881
514
121
532
152
463
735
865
420
848
869
57
874
520
889
486
153
49
213
896
129
639
86
159
178
42
820
485
922
48
966
978
801
84
706
7
272
349
805
638
415
624
839
331
78
768
941
624
667
465
458
176
213
492
542
401
43
547
136
983
305
999
151
421
572
804
219
497
326
177
978
849
328
839
343
953
188
58
106
616
642
565
64
859
11
129
828
570
472
508
632
533
916
789
800
23
863
887
45
390
449
619
441
203
994
422
29
642
504
120
662
333
682
945
184
756
556
704
861
928
689
822
645
432
964
465
811
159
540
409
229
651
711
636
232
636
927
557
844
172
546
557
934
848
176
797
582
46
76
611
903
696
160
28
763
622
552
479
657
557
117
583
803
278
125
297
176
482
438
470
96
83
872
394
839
57
817
394
75
381
612
845
41
60
608
149
970
895
995
100
735
799
761
328
140
84
796
20
777
475
294
694
475
580
481
753
516
596
524
153
393
364
465
273
677
631
74
937
763
730
343
805
428
293
972
682
326
664
416
599
232
506
143
34
283
885
234
921
229
443
946
309
164
490
481
94
192
864
665
735
561
504
623
425
631
295
241
392
423
333
2
631
586
575
112
700
67
654
321
693
800
833
570
554
834
178
884
748
959
595
461
880
844
771
746
666
190
278
814
823
974
154
948
744
413
40
107
615
625
223
554
855
375
977
563
184
638
332
483
283
904
19
325
901
482
956
160
474
320
202
725
386
623
519
554
403
480
600
460
844
242
386
655
840
627
955
822
993
405
862
119
56
99
267
647
873
329
336
587
297
83
583
810
125
158
94
554
538
395
609
807
699
580
43
117
652
407
807
73
872
888
249
629
664
72
638
803
179
219
49
70
402
354
720
461
359
652
278
515
802
200
575
51
907
118
507
113
918
658
879
733
594
114
131
696
280
313
155
612
251
615
759
128
982
733
89
843
731
123
167
986
996
138
656
52
309
707
487
478
560
157
234
428
855
627
396
473
147
235
300
50
263
384
398
541
205
962
825
936
789
643
307
87
853
326
684
88
183
836
674
772
974
905
586
898
47
12
106
442
475
673
364
