71
89
43 27 36 47 8 50 43 4 39 25 24 11 64 20 62 67 30 48 71 64 33 62 4 25 14 10 6 31 59 3 18 43 51 27 24 4 68 14 39 64 35 68 8 70 41 70 22 7 63 36 42 5 38 70 1 35 38 48 4 63 59 70 23 19 63 58 6 41 21 25 55 36 2 3 37 35 49 15 9 37 28 61 36 36 46 12 46 54 66
67 7 65 66 51 33 42 5 68 9 28 12 44 10 18 59 15 63 39 32 66 57 12 18 71 21 24 56 51 43 56 51 34 11 40 35 24 54 46 47 12 15 43 45 11 22 56 1 54 8 10 70 19 48 31 6 15 41 6 51 6 39 57 55 20 19 8 14 45 58 5
4 61 55 57 8 18 66 32 48 32 44 67 18 16 42 56 53 36 33 4 4 33 68 49 10 23 27 52 67 19 17 56 69 54 34 38 53 12 15 10 38 38 58 29 26 54 53 71 28 23 60 55 36 38 8 67 65 47 66 12 27 37 5 14 32 64 4 69 63 32 63
10 10 62 17 60 3 55 11 32 53 2 42 45 71 34 71 24 14 34 57 6 7 68 18 30 57 10 59 1 40 43 37 67 39 19 36 40 52 43 22 53 55 29 38 18 9 7 36 28 45 49 57 42 53 57 52 48 15 54 3 7 4 56 25 1 30 20 39 63 48 35
70 58 40 25 32 14 9 26 46 48 53 1 34 63 27 64 55 70 49 51 17 56 7 16 71 21 3 12 23 25 7 31 15 31 70 12 63 41 54 29 31 52 13 43 49 7 47 13 57 11 1 60 3 62 69 21 46 60 48 2 34 38 34 37 24 41 31 44 67 68 34
16 13 20 63 63 55 66 8 59 1 42 7 61 70 26 37 69 29 61 34 43 51 2 29 27 54 47 41 61 39 55 1 48 1 59 39 4 51 57 15 18 42 28 50 51 45 55 27 5 6 14 53 35 49 19 27 50 20 7 61 29 10 17 34 60 45 66 13 57 43 52
1 1 40 37 31 52 27 53 32 42 49 25 52 57 23 37 58 4 34 38 45 43 30 27 13 66 1 20 3 9 32 64 56 30 44 52 37 47 66 13 5 32 5 62 22 30 71 42 48 50 46 40 32 56 65 19 25 58 32 26 55 61 47 55 68 22 18 31 25 8 60
47 66 30 28 47 44 46 29 45 24 52 54 27 54 9 46 56 57 61 25 69 11 37 26 44 5 62 18 27 16 7 46 45 55 1 16 30 6 26 40 53 64 43 59 35 22 33 56 11 44 50 71 67 51 17 37 18 26 65 38 38 31 3 18 1 10 19 14 70 68 68
59 15 31 4 33 21 45 51 60 14 58 45 7 22 25 52 67 23 42 22 57 42 67 63 21 10 27 12 3 10 10 16 44 19 29 14 21 65 53 25 13 12 20 4 39 22 49 41 12 45 45 67 55 65 7 18 15 54 48 71 1 7 27 50 15 17 10 6 28 4 11
2 49 5 61 66 29 33 45 28 35 1 63 17 64 5 46 22 18 6 49 24 30 31 68 57 11 3 21 38 4 40 7 12 44 66 70 10 48 39 10 23 11 56 22 63 53 16 28 3 70 30 58 26 64 69 27 55 24 13 3 46 8 40 47 56 9 31 46 47 21 49
12 39 36 9 38 46 36 47 29 50 69 49 35 56 43 65 42 56 2 4 42 9 31 18 25 28 12 41 65 18 1 9 43 52 52 20 14 39 40 26 55 2 54 68 58 64 38 27 33 48 68 54 44 41 70 59 60 8 23 20 4 11 11 53 43 3 25 54 67 31 14
8 56 66 23 56 38 19 55 27 27 31 24 41 67 1 7 24 61 8 48 7 24 31 24 42 31 5 39 50 62 48 57 13 52 58 29 4 56 37 45 13 70 38 5 39 30 34 59 51 2 12 69 67 7 61 63 34 53 70 44 44 61 23 16 16 20 46 37 21 28 28
69 23 1 22 5 41 41 10 71 55 11 14 17 33 57 26 39 35 52 56 33 11 56 70 53 59 2 20 52 64 38 51 1 46 30 36 35 39 34 39 9 25 61 48 8 54 50 32 19 15 27 42 5 3 2 66 46 63 32 57 27 63 5 50 60 67 5 14 19 43 19
22 34 42 43 25 53 40 5 8 30 34 23 4 59 15 60 65 18 69 15 51 7 15 47 59 69 11 47 61 41 4 13 14 68 47 29 16 60 13 49 5 67 48 13 18 1 23 25 47 24 46 68 14 63 7 52 68 22 18 65 8 70 35 64 3 31 42 58 68 16 36
35 18 11 43 20 1 22 30 27 39 45 14 39 55 50 53 25 42 16 20 27 63 44 64 9 61 1 18 35 31 35 65 48 41 55 67 19 62 12 23 24 37 13 62 53 3 65 62 69 33 31 29 38 31 51 39 35 2 58 42 36 68 1 43 60 12 63 9 32 4 63
48 59 37 34 46 4 70 16 60 15 48 1 65 31 11 9 22 66 30 62 60 44 18 29 5 52 43 57 64 51 52 6 5 69 23 18 51 57 2 51 67 5 64 2 67 54 4 53 15 8 22 13 54 13 45 31 27 60 30 25 68 62 58 70 45 22 15 66 45 5 65
58 60 25 16 39 3 64 42 58 65 33 1 54 20 15 41 64 17 5 18 69 48 58 70 34 17 52 51 33 13 32 2 11 32 42 55 5 45 50 17 69 24 4 13 41 28 41 53 7 20 11 40 9 21 53 38 33 35 26 14 10 59 9 8 15 63 67 38 59 18 65
62 41 39 27 22 2 55 19 49 25 63 23 27 49 42 34 18 54 49 17 63 16 14 26 9 1 17 31 42 30 21 7 43 55 8 16 7 42 29 53 64 64 63 40 2 1 45 57 48 34 50 35 36 27 24 19 14 23 49 50 71 49 44 70 25 29 9 46 35 41 69
22 56 55 53 62 24 8 17 23 60 26 51 23 39 66 5 44 16 17 39 64 58 59 12 67 50 62 63 63 60 59 37 62 70 46 23 9 3 25 62 46 69 38 66 50 53 3 48 55 18 66 34 28 27 3 1 58 37 25 9 23 51 13 1 45 33 23 30 8 1 23
26 70 2 71 29 4 4 3 40 5 63 66 38 11 30 23 6 38 69 32 17 6 33 71 60 51 23 20 27 27 52 40 37 5 70 49 62 31 43 21 31 60 32 67 48 53 28 64 57 59 21 37 66 30 5 50 41 11 23 3 40 52 47 9 40 7 69 33 42 35 71
23 56 29 14 34 68 36 39 47 69 26 30 64 32 2 2 56 68 51 32 49 47 37 46 39 67 22 7 27 23 33 62 12 2 6 69 11 59 46 44 67 64 18 30 45 64 40 21 7 16 54 27 9 31 40 24 30 15 16 13 10 39 40 64 42 61 63 55 10 16 20
32 15 6 30 34 24 47 59 33 23 25 20 45 39 70 8 51 23 51 24 11 22 61 44 19 32 66 11 52 55 51 42 33 40 3 57 31 16 50 5 11 16 48 44 1 39 38 68 71 63 12 69 71 33 59 2 51 54 31 70 17 44 2 16 60 9 15 40 64 56 29
41 12 5 1 2 57 24 37 60 45 45 46 23 22 63 20 25 69 55 67 44 69 7 59 5 22 21 62 65 60 44 30 28 29 34 22 68 18 71 60 8 38 1 7 27 45 44 25 41 67 22 37 54 69 70 47 31 20 55 30 49 62 34 52 48 54 8 6 27 24 49
47 29 71 4 23 27 65 8 4 71 52 34 65 39 22 64 2 55 6 11 20 35 33 55 38 31 10 2 9 21 8 58 68 17 26 25 67 30 37 59 21 30 3 17 37 15 50 41 31 41 18 37 11 69 48 10 21 43 64 24 26 58 30 50 52 38 6 53 62 30 17
50 41 48 14 66 34 43 39 37 5 38 7 8 37 50 36 62 64 25 25 70 2 66 60 25 50 49 17 57 23 44 47 54 27 22 3 23 59 35 37 21 9 13 50 21 27 47 54 56 28 49 47 17 56 40 70 53 14 1 22 15 32 43 50 26 36 53 21 49 14 53
25 24 27 63 35 25 23 62 3 65 67 42 51 14 48 15 9 27 61 15 29 21 26 6 35 37 12 36 37 27 7 55 24 58 39 46 14 18 41 3 56 34 3 71 34 3 22 11 56 35 26 70 3 47 60 62 24 26 13 63 51 2 4 57 23 48 24 10 54 58 22
51 63 28 22 28 2 42 65 65 10 66 57 8 47 2 9 43 3 4 40 65 40 11 67 30 6 10 1 59 65 35 9 17 51 35 46 55 20 52 55 64 18 9 1 34 5 55 37 18 17 58 42 1 16 25 20 21 2 66 6 49 59 55 52 8 21 66 59 53 6 38
9 20 64 44 23 6 15 29 56 67 40 65 18 30 41 28 56 59 47 39 62 2 15 12 46 46 22 42 50 63 70 4 9 25 68 36 59 58 8 61 62 11 50 39 62 17 51 31 44 38 3 9 54 14 31 59 51 39 28 42 6 30 17 38 10 25 67 43 40 7 56
65 64 24 62 44 50 11 68 60 56 59 65 39 30 22 22 47 53 44 6 19 2 59 17 25 61 13 19 71 50 31 5 6 60 69 35 18 20 9 11 48 16 47 50 33 68 1 18 14 59 30 58 15 24 11 47 32 49 13 39 28 24 20 49 64 9 39 6 56 58 42
21 62 21 62 49 16 19 58 4 58 43 45 52 10 47 8 49 33 34 19 17 43 45 7 26 18 37 43 41 71 65 45 68 8 12 14 32 49 15 26 51 37 16 56 58 62 44 9 55 14 67 11 68 58 21 30 46 40 59 55 13 32 47 12 52 42 43 36 60 48 49
59 53 3 71 34 23 11 68 7 48 25 19 60 69 51 71 21 38 2 13 30 63 41 6 43 33 16 58 63 65 71 68 11 39 4 32 64 29 45 41 30 41 1 7 13 17 23 68 6 14 62 44 31 28 21 27 12 55 33 49 49 36 44 36 10 8 51 56 33 57 53
40 16 69 50 7 14 29 41 42 52 29 34 12 38 47 31 64 18 28 30 8 68 52 9 31 19 60 61 17 11 65 22 48 2 20 12 58 40 17 13 26 16 46 51 50 4 69 52 33 19 56 18 61 52 22 15 22 34 30 63 8 65 15 69 49 25 22 16 66 4 62
46 5 69 24 23 70 17 41 41 58 48 21 30 54 62 21 37 22 29 1 32 38 47 68 55 17 70 63 65 63 60 48 66 22 49 54 54 53 32 20 41 22 43 18 40 70 29 29 10 29 57 25 67 49 31 58 57 22 28 68 42 21 3 9 69 45 71 61 19 43 12
64 38 1 8 59 67 20 34 52 40 35 12 52 29 3 17 52 27 26 18 63 11 4 30 19 16 20 57 52 30 7 6 45 35 3 22 44 40 25 54 24 65 3 39 11 15 44 16 71 18 51 58 43 5 62 55 19 19 42 52 43 29 3 24 33 60 48 41 24 66 44
36 63 66 16 13 49 47 49 43 60 46 63 45 71 12 30 48 69 37 52 18 8 4 33 60 40 27 30 30 4 50 29 60 46 1 60 56 69 5 5 54 47 71 18 71 30 58 43 24 49 49 41 51 24 12 1 35 2 10 16 33 20 16 68 45 9 25 42 9 64 63
18 45 1 24 56 35 6 52 35 63 37 7 43 11 44 53 68 64 43 59 52 56 13 24 11 27 43 56 44 2 52 6 25 1 43 37 20 19 12 57 24 36 52 71 16 15 16 12 53 9 27 2 5 12 29 3 45 10 20 39 51 52 39 23 58 24 56 4 45 16 7
26 62 30 4 2 3 29 54 70 39 11 35 4 5 21 22 41 34 1 25 51 70 64 19 33 30 9 60 61 28 48 50 17 28 7 13 14 28 58 37 21 44 15 58 47 62 42 60 58 34 47 5 49 16 61 59 17 68 64 14 41 65 19 52 33 23 46 44 53 4 66
43 55 47 45 9 61 25 57 55 40 19 36 65 39 4 33 60 20 63 9 16 34 67 61 65 66 16 7 36 40 62 37 32 40 7 30 18 4 50 19 64 57 61 26 14 53 45 34 24 22 33 25 30 8 58 20 70 2 6 57 19 64 6 37 62 8 58 68 23 46 40
10 64 68 8 23 57 15 45 11 66 30 12 59 14 43 71 18 49 8 8 26 66 59 17 26 69 29 33 52 34 14 60 46 57 59 20 39 12 50 25 66 67 4 56 70 43 63 53 34 51 34 3 38 54 11 1 36 44 61 29 11 71 63 27 67 61 40 20 3 11 70
17 62 56 56 11 57 61 61 42 45 59 54 65 48 44 18 71 42 48 5 29 62 37 53 43 38 43 70 24 58 30 42 6 42 14 1 45 27 39 25 52 70 25 58 57 39 41 3 6 42 68 17 15 49 19 1 17 9 46 52 4 33 8 8 35 8 34 33 68 68 22
49 34 5 19 55 17 24 50 45 62 8 20 60 60 2 33 5 21 30 55 5 66 42 1 38 54 31 38 40 43 15 39 69 55 28 32 34 24 18 12 18 3 26 56 58 19 67 37 33 14 15 7 60 52 69 54 28 48 51 3 32 37 46 64 51 38 68 5 29 48 65
51 54 43 14 9 69 12 28 2 44 3 7 13 71 56 8 32 46 13 8 33 17 44 41 21 28 69 37 36 41 20 42 3 17 35 50 52 10 8 19 41 8 24 15 17 18 66 14 53 55 17 44 5 56 19 22 53 21 4 56 36 49 42 30 42 39 15 53 14 26 39
13 35 56 39 55 29 7 56 67 44 54 38 49 1 20 34 13 64 57 35 63 32 29 36 9 14 49 67 58 67 34 69 58 59 15 65 68 58 43 60 3 30 1 56 33 66 11 21 27 51 26 34 28 23 65 31 20 25 59 35 54 1 55 1 38 45 56 68 38 43 1
58 26 58 54 49 59 26 8 27 10 25 52 13 11 66 68 69 37 28 27 55 27 60 53 8 66 22 54 59 8 61 55 37 5 10 15 48 5 13 28 37 7 71 40 59 20 14 52 52 68 9 63 31 60 4 10 53 45 30 53 42 13 20 53 4 13 71 1 1 15 45
26 47 9 25 23 52 7 1 53 3 48 22 71 7 64 41 12 64 11 21 59 7 45 35 16 48 58 40 64 4 15 55 50 54 8 60 46 58 18 70 44 46 67 53 3 35 47 51 43 34 11 21 35 42 52 28 51 44 30 7 68 22 36 56 38 40 64 47 10 70 71
32 65 56 39 50 22 68 18 8 46 31 35 20 63 1 9 41 42 26 63 43 16 10 17 68 52 11 58 32 64 45 28 61 3 32 16 46 29 49 41 41 64 52 65 58 49 39 20 10 1 25 56 12 60 6 23 35 25 15 45 36 31 66 30 48 16 52 37 12 62 2
48 10 45 47 7 13 62 71 68 25 35 17 56 44 48 30 45 43 28 6 66 59 46 39 40 7 23 54 52 13 66 47 3 36 20 43 17 17 50 65 29 55 3 61 38 6 50 38 12 20 50 28 22 54 43 30 68 13 47 54 71 71 14 10 29 5 70 23 2 70 59
30 67 21 19 39 67 4 57 39 34 26 9 17 56 65 27 50 53 68 39 41 22 23 65 61 27 52 31 55 19 65 29 31 52 17 51 46 31 14 43 22 19 67 45 33 60 71 37 21 3 22 23 49 47 41 48 9 27 5 12 34 9 56 37 43 15 22 52 50 66 54
6 70 34 36 44 18 7 12 50 13 29 28 49 15 52 36 18 70 2 19 55 2 70 39 35 60 8 55 34 29 6 41 20 1 62 67 62 2 68 35 50 60 55 65 63 8 5 25 59 6 44 55 30 7 44 40 63 11 39 57 2 63 57 6 69 62 35 22 62 67 31
50 24 5 62 60 37 24 45 9 43 14 25 39 44 50 42 15 25 56 41 61 66 8 47 65 31 39 39 46 12 15 69 63 70 60 40 27 9 27 10 58 54 41 60 25 30 48 38 67 62 19 69 38 40 63 70 58 31 41 13 68 54 63 11 14 70 50 46 42 13 39
1 42 7 24 68 4 2 4 64 14 58 1 40 71 21 8 15 13 5 43 16 64 3 31 64 26 12 24 67 61 55 41 27 18 55 36 50 6 16 22 46 59 31 22 39 22 47 61 28 64 52 49 4 5 45 49 53 13 4 59 27 36 28 21 66 68 66 68 7 55 27
42 62 55 68 56 14 63 63 31 35 28 33 24 3 62 53 40 55 43 8 1 18 36 24 31 7 7 13 55 65 9 7 42 58 6 26 58 30 2 22 6 42 3 57 14 57 5 20 55 36 6 4 70 3 17 17 21 35 29 38 26 6 58 58 17 69 65 53 32 33 46
10 57 38 50 5 57 1 16 51 32 4 20 55 32 51 37 70 69 65 4 68 12 3 33 10 20 23 25 18 70 62 68 41 33 54 3 58 16 47 8 56 12 71 55 18 22 17 31 37 31 6 35 23 71 47 18 23 10 29 69 53 8 3 65 47 29 22 58 3 24 16
21 46 71 45 61 7 60 44 30 42 57 22 48 18 18 21 62 52 27 23 8 1 46 65 57 66 24 30 34 38 52 66 55 41 55 61 25 38 66 24 52 19 47 64 12 56 46 18 60 38 6 47 25 61 1 4 71 20 19 20 41 19 62 6 46 48 25 21 40 5 46
19 38 11 1 37 7 47 7 41 47 45 23 43 2 51 69 67 70 54 56 37 23 37 36 18 10 40 38 25 6 57 60 3 42 54 53 48 52 19 42 40 58 31 33 65 56 53 4 59 68 39 34 17 18 45 24 55 54 70 40 49 20 40 50 60 28 54 47 23 70 47
1 54 67 54 31 45 36 25 9 9 30 27 9 52 66 1 11 44 35 69 25 8 61 56 56 18 18 15 35 1 66 21 6 22 13 31 18 36 5 2 13 13 38 61 52 12 22 50 35 12 52 60 10 12 10 12 60 14 27 64 10 14 55 62 65 61 48 36 32 41 57
37 22 22 12 64 69 52 44 9 43 47 1 17 44 53 45 10 18 2 5 31 32 57 35 18 30 44 60 47 59 28 45 48 1 35 53 10 27 9 33 54 13 58 26 60 26 59 69 11 12 49 44 5 31 39 15 7 31 58 63 61 17 32 33 21 13 36 12 56 27 60
43 20 20 39 41 65 61 64 60 26 19 48 31 14 14 58 7 3 66 25 31 8 50 66 2 26 19 1 22 3 52 19 71 39 70 27 47 38 30 27 30 14 60 61 37 8 66 55 42 52 64 55 9 68 2 27 67 2 39 25 41 36 18 22 43 52 47 33 50 57 55
26 2 37 53 54 53 51 8 8 7 44 62 8 46 71 34 41 15 62 53 54 22 46 52 64 27 6 64 15 55 54 55 16 62 71 27 40 45 51 58 43 25 53 34 67 55 20 48 51 43 56 59 38 52 50 2 60 24 13 51 33 14 35 36 38 20 19 9 39 53 10
40 65 12 4 49 7 16 9 29 62 47 6 59 49 55 69 20 57 33 8 22 64 38 14 66 10 18 6 3 7 63 55 63 23 35 68 18 49 52 29 71 39 51 44 33 8 18 42 64 9 36 71 22 64 13 25 27 68 10 4 3 14 24 44 42 22 1 13 47 18 8
41 21 10 38 67 6 11 9 33 19 64 27 36 36 70 24 21 15 10 50 22 8 14 71 47 69 6 38 65 30 47 26 45 20 9 61 29 25 1 26 18 19 23 33 25 57 25 15 35 53 3 18 61 52 30 52 71 47 14 68 49 5 63 20 47 57 11 26 70 67 21
26 51 8 11 46 10 52 10 35 17 23 43 35 41 31 59 22 11 42 58 22 66 50 61 59 62 66 25 35 54 67 37 42 25 15 67 45 26 5 13 62 24 7 22 51 66 53 69 39 17 2 60 35 6 13 53 59 50 59 7 59 66 31 34 39 15 65 37 15 48 36
37 14 61 62 45 31 46 37 53 57 68 40 45 24 66 46 14 21 56 36 1 26 44 16 51 53 65 3 6 6 10 1 64 31 48 16 14 14 17 52 64 35 5 47 7 19 69 15 12 42 10 27 57 67 1 26 18 5 2 7 56 23 21 67 30 24 40 61 26 70 59
31 7 41 50 69 20 66 70 35 10 60 68 39 14 31 20 38 29 43 55 41 63 23 67 35 64 71 28 60 18 17 35 71 47 55 14 46 56 58 46 41 34 53 9 70 47 28 4 49 70 50 28 27 40 13 71 17 25 27 31 12 58 5 34 45 67 58 35 6 1 47
71 9 42 25 27 9 8 7 14 65 15 4 46 39 8 68 21 35 19 70 4 33 62 4 59 60 35 19 20 10 43 70 42 58 25 27 61 40 6 38 9 60 19 21 29 44 48 24 3 61 29 35 57 39 12 67 24 9 11 59 37 62 19 29 44 49 20 58 47 29 45
39 35 70 28 21 19 15 31 33 44 37 20 62 37 46 2 11 57 14 14 45 48 51 60 43 43 60 31 20 54 58 58 29 24 57 71 55 16 24 59 23 33 47 63 44 57 46 40 71 30 67 39 53 48 10 55 7 51 54 69 49 53 63 4 58 41 44 3 47 58 51
19 11 52 59 67 67 13 1 53 31 69 57 9 69 22 69 12 49 66 71 54 51 11 15 53 2 39 1 12 34 44 44 10 17 55 25 36 40 7 39 28 6 53 54 68 50 23 19 15 35 4 34 60 41 16 45 48 58 44 1 50 17 33 54 71 47 63 62 24 55 70
5 4 48 57 29 6 36 62 13 54 29 18 11 45 58 60 45 64 59 47 10 59 2 19 12 15 54 27 57 48 40 60 5 6 66 30 45 56 71 9 35 36 56 22 32 64 7 16 9 49 63 64 4 45 63 54 65 61 38 17 71 41 43 23 45 1 49 15 43 35 43
57 1 53 46 61 70 71 55 36 45 2 19 66 47 9 34 59 21 34 11 63 32 65 52 55 25 47 63 59 32 59 9 38 63 69 41 53 43 8 70 41 43 56 43 57 60 67 36 39 11 26 19 21 34 18 8 51 55 33 41 68 50 14 39 62 20 45 63 71 16 41
40 62 61 67 56 6 25 18 40 41 17 19 26 15 51 58 40 7 62 18 21 63 12 10 7 64 42 13 56 6 58 22 30 24 29 21 32 21 58 55 66 19 63 62 7 37 47 28 7 26 55 5 68 45 40 66 66 13 47 43 6 23 26 33 47 49 44 23 8 51 58
44 4 44 18 45 19 29 17 52 55 35 42 18 63 44 67 31 58 39 37 12 2 23 45 25 43 60 2 23 1 31 65 40 23 35 28 13 6 39 68 30 19 34 44 59 52 30 30 36 58 39 59 27 44 38 18 66 58 33 5 47 41 5 58 51 48 54 31 20 11 67
9 42 42 58 43 59 52 33 32 51 29 39 68 11 7 29 12 16 41 1 71 22 37 41 40 4 40 32 14 43 39 53 22 51 49 58 7 28 60 71 39 35 40 5 23 31 51 34 36 39 15 8 20 2 55 56 3 47 34 39 45 41 67 28 33 56 54 32 43 14 63
63 46 10 71 62 51 46 29 9 63 32 10 37 20 5 2 45 47 26 58 68 44 60 6 48 16 61 34 20 13 17 58 48 70 64 36 33 21 60 22 50 19 38 30 37 38 23 56 26 20 33 17 65 15 63 30 35 19 68 39 65 53 21 60 22 34 58 33 56 12 25
30 2 2 24 45 64 66 71 1 18 27 45 54 39 35 64 21 49 15 35 61 17 61 54 58 68 47 36 51 4 6 39 42 16 28 15 53 65 27 47 15 40 40 40 36 53 29 61 22 59 42 7 47 69 49 6 33 55 69 32 28 19 66 62 39 38 71 57 66 55 5
70 36 3 34 60 37 67 6 33 56 42 25 67 47 70 54 57 63 12 50 9 14 41 61 18 24 11 35 51 59 33 67 26 19 29 30 29 32 43 50 66 34 27 10 38 22 27 53 43 46 51 57 59 14 37 66 7 33 31 49 56 36 27 6 17 30 61 8 19 20 70
36 25 50 51 23 19 66 25 6 47 29 16 69 24 35 21 40 60 37 2 48 38 5 56 51 59 9 63 61 47 39 36 18 43 27 33 37 47 20 32 67 19 66 21 65 33 62 40 63 31 50 60 58 46 52 57 12 67 31 9 53 24 12 10 44 30 5 6 49 4 27
71 6 33 70 59 20 27 28 9 14 19 57 24 71 20 6 66 11 35 49 42 31 66 11 36 21 9 27 16 67 49 4 31 47 35 17 63 18 42 64 39 65 47 40 64 55 32 56 22 21 55 11 39 71 70 23 67 37 36 33 65 33 5 64 17 35 66 9 33 39 11
58 18 8 47 1 34 30 4 43 12 39 36 10 40 2 57 34 10 21 41 49 36 10 68 11 14 61 65 61 67 31 21 17 3 14 4 40 65 40 62 38 62 1 37 53 21 33 31 49 54 47 40 62 39 13 34 5 50 43 57 71 66 30 37 52 69 1 7 9 65 13
60 26 61 20 71 40 56 71 41 37 31 46 46 52 15 64 33 42 17 10 6 27 49 39 16 59 29 58 61 52 54 40 64 65 44 25 69 61 40 44 21 50 7 42 60 64 58 17 43 5 41 42 7 45 14 48 62 15 54 51 60 34 52 15 45 49 1 61 63 51 62
27 65 20 33 31 54 26 66 9 48 9 10 69 65 45 29 59 14 28 25 37 54 33 19 7 34 27 1 5 66 23 12 30 22 42 2 27 17 53 36 9 48 59 50 55 33 63 67 49 44 54 65 17 9 37 53 64 63 36 1 58 49 63 20 70 33 5 28 22 14 52
1 19 25 20 59 13 8 9 61 11 66 58 4 43 19 6 49 64 8 30 27 56 23 15 12 5 44 7 13 7 27 10 12 13 25 16 37 45 2 52 10 35 45 1 12 53 37 28 51 35 54 40 35 15 67 48 52 48 10 10 55 41 61 1 16 36 19 30 2 63 9
62 22 30 62 1 71 5 14 19 61 70 17 9 53 31 24 35 22 16 51 40 46 9 61 13 37 45 28 8 27 61 63 21 43 18 7 57 39 49 20 20 67 45 38 71 16 18 27 54 53 66 41 18 27 14 10 54 1 24 56 28 33 30 11 34 11 39 45 38 2 4
22 11 56 16 1 30 56 70 3 24 9 37 60 33 4 43 25 1 7 45 70 67 9 45 17 32 34 30 29 5 40 39 28 7 2 21 70 17 68 51 14 70 14 28 3 32 57 2 34 16 15 19 54 49 60 7 61 22 15 46 61 30 7 23 41 30 28 25 38 62 18
13 69 55 4 66 34 45 37 59 52 42 57 25 42 66 58 50 39 45 71 4 25 10 70 33 8 60 21 28 5 44 40 68 54 63 36 45 64 19 52 4 5 47 11 1 33 10 37 35 70 52 32 69 48 1 69 63 50 10 6 67 43 28 11 52 64 50 50 31 45 39
67 44 14 2 23 11 31 54 37 22 22 29 24 32 67 71 59 27 31 60 18 17 66 47 1 11 5 36 12 10 32 19 11 20 21 36 33 24 5 44 66 68 69 2 33 4 50 9 5 33 60 17 24 39 32 58 29 33 15 20 26 26 47 26 21 38 68 69 50 63 13
18 13 36 67 70 61 68 64 52 27 46 59 53 8 63 44 36 66 52 48 47 46 30 11 71 43 50 56 30 59 36 43 20 43 34 37 28 62 33 43 18 49 44 61 6 46 58 68 4 53 5 71 32 55 49 53 47 40 8 1 17 54 16 63 22 50 35 42 29 60 10
19 60 69 65 59 9 19 34 66 30 16 12 29 37 45 14 61 27 64 4 68 1 20 52 48 59 39 49 34 36 60 50 32 40 38 61 48 21 22 64 17 43 26 22 21 4 43 11 54 50 49 53 69 60 13 10 8 71 14 60 7 46 48 15 22 61 3 19 18 59 32
70 22 48 5 7 48 16 36 70 32 1 43 67 21 69 7 5 55 11 11 49 66 66 71 42 49 19 14 20 53 55 42 7 58 41 67 28 55 29 29 30 7 57 37 21 46 11 52 53 10 6 48 64 37 9 53 10 63 27 60 65 31 19 42 4 5 29 35 25 1 49
27 1 20 53 34 7 22 28 10 2 37 63 24 1 52 31 31 26 24 29 20 15 5 36 40 31 45 47 22 36 6 36 70 40 32 71 56 11 48 51 68 24 45 40 61 66 33 11 2 59 63 20 45 54 51 20 67 32 23 63 17 27 48 41 2 19 41 13 59 34 44
9 34 53 67 56 53 32 69 11 34 69 35 59 44 63 34 50 6 23 1 28 67 9 13 48 71 51 64 29 58 9 4 42 14 45 61 13 53 71 9 25 52 33 51 19 35 40 4 35 54 4 14 25 25 11 51 5 23 17 57 40 67 50 41 70 66 18 61 9 71 55
