30
27
14 17 20 14 29 11 13 18 20 28 28 4 3 12 10 12 12 4 16 21 5 20 12 29 20 2 5
14 16 17 9 24 11 29 23 14 4 4 14 23 14 28 28 14 9 25 21 27 6 14 2 15 15 26 4 17 27
7 16 28 9 17 21 3 17 12 11 24 16 17 13 21 13 17 17 29 7 17 13 27 16 5 17 30 1 8 6
30 29 20 10 20 8 28 4 24 6 25 5 20 15 14 20 22 14 20 20 27 29 29 20 5 3 27 20 20 5
14 28 24 14 5 9 28 27 16 22 14 21 24 14 3 14 12 14 28 20 14 26 2 21 23 17 28 2 7 23
7 9 28 3 23 29 29 25 9 7 23 29 25 4 29 7 4 18 28 1 19 15 29 26 6 29 19 17 29 29
14 11 2 22 20 23 14 13 4 30 11 18 26 11 21 12 17 1 11 1 20 11 11 26 21 27 11 11 11 11
24 12 28 13 13 13 15 8 13 15 26 21 13 13 26 28 3 13 28 30 19 14 16 8 15 13 17 20 28 13
12 12 17 19 1 8 23 6 5 4 18 27 18 30 18 12 11 18 12 18 29 29 5 22 11 22 7 12 16 25
28 23 16 20 3 12 7 28 19 20 9 20 10 26 29 30 9 20 8 20 20 13 8 24 1 19 20 20 1 3
22 26 28 23 28 29 1 16 14 28 28 18 28 1 19 18 28 28 28 9 16 1 16 28 9 5 17 28 28 25
28 9 30 28 4 22 28 28 25 28 29 30 1 7 2 20 2 6 27 20 15 2 8 9 2 28 16 28 9 13
22 27 4 4 4 6 10 4 13 15 18 14 21 8 25 15 4 7 23 30 26 30 24 4 2 4 4 4 4 3
4 26 3 21 8 6 27 16 22 27 11 3 29 27 1 25 8 18 25 1 14 3 3 20 6 3 26 3 9 29
12 12 3 21 17 30 23 27 10 2 18 12 21 17 22 20 24 12 30 11 6 3 25 14 19 19 11 12 9 29
4 25 2 13 21 6 26 11 8 10 13 7 16 10 16 23 17 24 23 8 30 20 4 5 10 15 27 10 10 26
12 17 12 12 15 12 14 18 25 15 26 12 28 20 12 12 9 14 1 19 12 1 12 22 1 17 18 25 16 7
15 30 12 6 24 29 20 8 12 12 11 12 7 27 7 10 20 20 12 7 3 20 12 12 14 12 12 14 24 8
2 7 4 4 4 6 19 16 30 17 3 4 13 18 23 8 22 2 23 18 10 4 1 6 18 4 4 11 4 29
8 16 16 2 27 7 11 22 29 28 19 2 16 22 25 16 26 4 26 7 18 16 26 23 20 21 1 25 27 26
6 15 11 10 3 6 14 27 30 30 25 1 21 8 15 25 11 9 21 10 21 21 6 15 16 11 21 21 21 21
9 28 5 6 5 5 5 2 15 2 9 26 7 5 3 5 8 22 28 14 16 26 7 19 6 7 30 7 1 24
6 20 13 30 24 20 10 30 18 3 13 5 20 10 19 1 22 8 19 20 20 2 18 14 1 12 13 18 16 8
9 12 14 4 12 12 9 8 10 30 12 12 25 19 18 28 24 12 7 12 9 20 29 10 12 1 12 20 9 1
29 17 12 26 27 26 24 8 21 1 26 8 20 11 4 26 21 15 9 14 9 17 23 10 25 4 29 27 29 3
17 19 27 16 20 28 16 1 7 21 9 28 9 20 19 25 9 20 25 20 14 28 12 4 9 5 2 5 29 23
20 2 25 29 21 15 18 2 9 2 2 14 25 9 2 22 2 2 11 25 21 26 25 16 21 29 2 2 2 10
5 12 9 23 5 2 5 19 26 11 29 2 19 5 23 11 11 30 15 21 24 8 17 3 20 5 18 16 16 16
